#!/bin/bash
# Lkcars


TERM=ansi
src_dir="$HOME/.local/src"

list_function()
{
  ( grep '.*()' '/lib/liblkars' | sed -z 's|()| |g;s|\n|,|g;s|,$|\n|' )
}

set_samba()
{
  sudo apt install samba -y
  echo "change workgroup name"
  #add sed
  sudo nano /etc/samba/smb.conf
  echo "enter a password"
  sudo smbpasswd -a alpha
  sudo service smbd restart
}

rem_samba()
{
  sudo apt-get purge samba
  sudo rm -rf /etc/samba/ /etc/default/samba
}

set_iic()
{
  i=$( ls /dev/i2c* ) ;
  [[ $i != /dev/i2c-1 ]] && sudo raspi-config nonint do_i2c 0 ;
}

installlkars()
{
  ( git --version || sudo apt install git )
  [ ! -d "$src_dir/lkars/" ] && ( git clone https://github.com/Tearran/lkars.git "$src_dir/lkars" || echo "LKARS src Exist" )
  [ ! -d "$src_dir/lkars/" ] && ( cd "$src_dir/lkars" || exit 1 )
  ( sudo install -b -v "$src_dir/lkars/liblkars" /usr/lib/ && sudo install -b -v "$src_dir/lkars/lkars-config" /usr/bin/ )
}

uninstall()
{
  sudo rm -f  /usr/lib/liblkars*
  sudo rm -f  /usr/bin/lkars-config*
  echo "uninstall complete!"
}

dev()
{
  echo
  echo "TODO"
  echo
}

demo_ansi()
{
  clear
  for x in {0..7} ; 
  do
    #echo -e "\e[H"
    echo "ESCAPE=\e[$x " 
      for (( y=0; y<=9; y++ )) ; 
      do
        for (( z=0; z<=9; z++ )) ; 
        do
          printf "\e[${x};3${y};4${z}m"
          printf "\\\\\\\e[${x};3${y};4${z}m"
          printf "\e[0m "
        done
      echo
      done
    echo
  done
echo
}

demo_01()
{
  clear
  description=" ANSI art by: Tearran Von'Sol "
  echo -e "\e[H"
printf "\e[38;2;3;6;10;48;2;3;5;13m▄\e[38;2;0;0;0;48;2;0;0;1m▄\e[48;2;0;0;2m    \e[38;2;0;0;2;48;2;0;1;2m▄\e[38;2;0;1;2;48;2;0;1;3m▄▄\e[48;2;0;1;3m   \e[38;2;0;1;3;48;2;0;1;4m▄\e[38;2;0;1;4;48;2;0;1;5m▄▄\e[48;2;0;1;5m  \e[38;2;1;2;6;48;2;0;1;5m▄\e[38;2;1;2;7;48;2;0;1;5m▄\e[38;2;1;2;8;48;2;0;1;5m▄\e[38;2;2;3;10;48;2;1;2;8m▄\e[38;2;2;4;11;48;2;1;3;10m▄\e[38;2;3;5;13;48;2;1;4;12m▄\e[38;2;3;6;15;48;2;2;5;13m▄\e[38;2;4;6;15;48;2;2;5;13m▄\e[38;2;3;6;16;48;2;3;6;15m▄\e[38;2;4;6;16;48;2;3;6;15m▄\e[38;2;3;6;15;48;2;3;7;16m▄\e[38;2;4;6;15;48;2;3;6;15m▄\e[38;2;3;6;15;48;2;2;5;12m▄\e[38;2;3;5;13;48;2;2;5;12m▄\e[38;2;2;5;12;48;2;1;4;11m▄▄\e[38;2;1;4;11;48;2;2;4;11m▄\e[38;2;2;4;11;48;2;1;4;11m▄\e[38;2;2;3;9;48;2;2;3;11m▄\e[38;2;2;3;8;48;2;2;2;10m▄\e[38;2;1;2;8;48;2;2;3;8m▄▄▄\e[38;2;1;2;8;48;2;1;2;7m▄\e[48;2;1;2;8m \e[38;2;1;3;8;48;2;1;2;8m▄\e[38;2;1;2;8;48;2;1;3;8m▄\e[38;2;1;2;8;48;2;1;2;7m▄\e[48;2;1;2;7m \e[38;2;1;2;7;48;2;1;2;6m▄\e[38;2;1;2;6;48;2;0;1;5m▄▄\e[38;2;0;2;5;48;2;0;1;5m▄\e[48;2;0;1;5m   \e[38;2;0;2;6;48;2;0;1;5m▄▄\e[38;2;1;2;6;48;2;0;1;5m▄\e[48;2;0;1;5m \e[38;2;0;2;5;48;2;0;1;5m▄\e[48;2;0;1;5m  \e[38;2;0;1;5;48;2;0;1;3m▄\e[38;2;0;1;4;48;2;0;1;3m▄\e[48;2;0;1;3m  \e[38;2;0;1;3;48;2;0;0;2m▄▄\e[38;2;0;1;3;48;2;0;1;2m▄\e[38;2;0;1;3;48;2;0;0;2m▄▄\e[38;2;0;1;2;48;2;0;0;2m▄\e[38;2;0;1;3;48;2;0;0;2m▄\e[48;2;0;0;2m  \e[38;2;0;1;3;48;2;0;0;2m▄\e[38;2;0;0;1;48;2;0;0;2m▄\e[48;2;0;0;2m   \e[38;2;2;3;7;48;2;1;3;7m▄\e[38;2;4;3;8;48;2;3;4;10m▄\e[m
\e[38;2;0;4;4;48;2;1;4;6m▄\e[38;2;0;0;1;48;2;0;0;0m▄\e[38;2;0;0;0;48;2;0;0;1m▄▄\e[38;2;0;0;0;48;2;0;0;2m▄\e[38;2;0;0;1;48;2;0;0;2m▄\e[38;2;0;0;0;48;2;0;0;2m▄▄\e[48;2;0;0;2m   \e[38;2;0;0;2;48;2;0;1;3m▄\e[48;2;0;0;2m \e[38;2;1;1;3;48;2;0;0;2m▄\e[48;2;0;1;3m \e[38;2;0;1;3;48;2;0;1;4m▄\e[48;2;0;1;5m \e[38;2;0;1;5;48;2;0;2;6m▄\e[38;2;1;2;7;48;2;1;2;8m▄\e[38;2;1;3;8;48;2;2;3;9m▄\e[38;2;2;3;10;48;2;2;4;11m▄\e[38;2;2;4;11;48;2;1;4;11m▄\e[48;2;2;5;12m \e[48;2;3;6;15m \e[38;2;2;6;15;48;2;4;6;15m▄\e[38;2;2;5;12;48;2;3;6;15m▄\e[38;2;2;5;12;48;2;4;6;15m▄\e[38;2;2;5;12;48;2;3;6;15m▄\e[38;2;3;6;15;48;2;3;7;17m▄\e[38;2;3;7;15;48;2;3;6;15m▄\e[48;2;3;5;13m \e[48;2;2;5;12m \e[38;2;2;5;12;48;2;2;4;11m▄\e[38;2;2;4;11;48;2;1;4;11m▄\e[38;2;2;4;10;48;2;2;4;11m▄\e[38;2;2;3;8;48;2;2;3;9m▄\e[48;2;2;3;8m \e[38;2;2;3;7;48;2;1;2;8m▄\e[38;2;1;2;8;48;2;1;2;7m▄\e[38;2;1;2;7;48;2;1;2;6m▄\e[48;2;1;2;7m \e[38;2;1;3;8;48;2;1;2;7m▄\e[38;2;1;3;8;48;2;1;2;8m▄\e[38;2;2;3;8;48;2;1;2;8m▄▄\e[38;2;1;2;8;48;2;1;2;7m▄\e[48;2;1;2;7m  \e[38;2;1;2;7;48;2;1;2;6m▄▄▄\e[48;2;1;2;6m   \e[38;2;0;1;5;48;2;1;2;6m▄\e[48;2;0;1;5m  \e[38;2;0;2;5;48;2;1;2;6m▄\e[48;2;0;1;5m     \e[38;2;0;2;5;48;2;0;1;5m▄\e[38;2;0;2;5;48;2;0;1;4m▄\e[38;2;0;2;5;48;2;0;1;5m▄\e[38;2;0;1;5;48;2;0;1;4m▄▄▄\e[38;2;0;1;4;48;2;0;1;3m▄▄▄▄▄▄▄▄▄\e[38;2;1;3;6;48;2;2;3;6m▄\e[48;2;4;3;9m \e[m
\e[38;2;1;3;5;48;2;0;4;4m▄\e[48;2;0;0;1m \e[38;2;0;0;1;48;2;0;0;0m▄\e[38;2;0;0;2;48;2;0;0;0m▄\e[38;2;0;0;1;48;2;0;0;0m▄\e[38;2;0;0;2;48;2;0;0;1m▄\e[48;2;0;0;2m   \e[38;2;0;1;3;48;2;0;0;2m▄▄\e[38;2;0;1;2;48;2;0;0;2m▄\e[48;2;0;1;3m  \e[38;2;0;1;4;48;2;0;1;3m▄\e[38;2;0;1;5;48;2;0;1;3m▄\e[48;2;0;1;5m \e[38;2;0;2;6;48;2;0;1;5m▄\e[48;2;1;2;7m \e[38;2;2;3;8;48;2;1;3;8m▄\e[48;2;2;3;10m \e[38;2;2;3;10;48;2;1;4;11m▄\e[38;2;1;3;10;48;2;1;4;11m▄\e[38;2;1;4;11;48;2;2;5;12m▄\e[38;2;2;5;12;48;2;3;6;14m▄\e[48;2;2;5;12m \e[38;2;3;6;13;48;2;2;5;12m▄\e[38;2;3;5;13;48;2;2;5;12m▄▄\e[38;2;3;5;14;48;2;2;5;12m▄▄\e[38;2;2;5;12;48;2;1;4;11m▄▄\e[38;2;2;5;12;48;2;2;4;11m▄\e[38;2;1;4;11;48;2;2;3;11m▄\e[38;2;2;4;11;48;2;3;4;10m▄\e[38;2;2;4;11;48;2;2;4;9m▄\e[38;2;2;4;11;48;2;2;3;9m▄▄\e[38;2;2;5;12;48;2;2;4;10m▄\e[38;2;3;6;13;48;2;3;4;10m▄\e[38;2;3;6;13;48;2;2;4;11m▄\e[38;2;3;6;14;48;2;1;4;11m▄\e[38;2;3;7;15;48;2;1;4;11m▄\e[38;2;3;6;15;48;2;3;4;10m▄\e[38;2;3;6;13;48;2;3;4;11m▄\e[38;2;2;5;12;48;2;2;3;9m▄\e[38;2;2;4;12;48;2;2;3;9m▄\e[38;2;2;4;11;48;2;2;3;9m▄\e[38;2;1;4;11;48;2;2;3;9m▄\e[38;2;2;4;11;48;2;2;3;9m▄\e[38;2;3;4;10;48;2;1;2;8m▄\e[38;2;3;3;10;48;2;1;2;8m▄\e[38;2;2;3;9;48;2;1;2;7m▄\e[38;2;2;3;8;48;2;1;2;6m▄\e[38;2;1;2;8;48;2;1;2;6m▄\e[38;2;1;2;7;48;2;0;1;5m▄\e[38;2;1;2;6;48;2;0;1;5m▄\e[38;2;0;2;5;48;2;0;1;5m▄\e[38;2;1;2;5;48;2;0;1;5m▄\e[38;2;1;2;6;48;2;0;1;5m▄\e[38;2;0;2;5;48;2;0;1;5m▄\e[48;2;0;1;5m \e[38;2;1;2;5;48;2;0;1;5m▄▄\e[48;2;0;1;5m             \e[38;2;1;3;8;48;2;1;3;7m▄\e[38;2;3;3;9;48;2;4;3;8m▄\e[m
\e[38;2;1;4;7;48;2;3;2;7m▄\e[38;2;0;0;3;48;2;0;0;2m▄\e[48;2;0;0;2m \e[38;2;0;1;3;48;2;1;0;2m▄\e[48;2;0;1;3m  \e[38;2;0;1;3;48;2;0;0;2m▄▄\e[38;2;0;1;3;48;2;0;1;2m▄\e[48;2;0;1;3m \e[38;2;0;1;4;48;2;0;1;3m▄\e[38;2;0;1;5;48;2;0;1;4m▄\e[38;2;0;2;7;48;2;0;1;4m▄\e[38;2;1;2;7;48;2;0;1;5m▄\e[38;2;1;2;8;48;2;0;2;5m▄\e[38;2;1;3;8;48;2;1;2;6m▄\e[38;2;2;3;9;48;2;1;2;7m▄\e[38;2;1;4;11;48;2;1;2;8m▄\e[38;2;1;4;11;48;2;2;3;10m▄\e[38;2;2;5;13;48;2;1;3;10m▄\e[38;2;2;5;12;48;2;1;4;10m▄\e[38;2;2;5;13;48;2;1;3;10m▄\e[38;2;3;5;14;48;2;1;3;11m▄\e[38;2;3;5;14;48;2;1;4;11m▄\e[38;2;3;6;14;48;2;1;4;11m▄\e[38;2;3;6;16;48;2;2;5;13m▄\e[38;2;4;8;20;48;2;3;7;16m▄\e[38;2;5;9;21;48;2;2;6;15m▄\e[38;2;5;9;22;48;2;3;7;16m▄\e[38;2;5;9;22;48;2;3;7;17m▄▄\e[38;2;4;8;19;48;2;3;6;14m▄\e[38;2;4;8;18;48;2;3;5;14m▄\e[38;2;3;7;16;48;2;3;5;12m▄\e[38;2;3;7;16;48;2;2;5;12m▄\e[38;2;3;7;17;48;2;2;5;12m▄\e[38;2;4;8;18;48;2;3;6;13m▄\e[38;2;5;9;20;48;2;3;5;14m▄\e[38;2;5;9;21;48;2;3;5;14m▄\e[38;2;5;9;21;48;2;3;6;14m▄\e[38;2;4;9;19;48;2;3;7;15m▄\e[38;2;4;8;17;48;2;3;7;15m▄\e[38;2;4;8;18;48;2;3;7;15m▄\e[38;2;5;9;23;48;2;4;8;19m▄\e[38;2;6;11;29;48;2;4;8;21m▄\e[38;2;5;9;26;48;2;3;7;17m▄\e[38;2;5;8;23;48;2;3;7;14m▄\e[38;2;4;8;20;48;2;3;6;13m▄\e[38;2;3;7;17;48;2;2;5;12m▄\e[38;2;3;6;15;48;2;2;5;12m▄\e[38;2;3;6;13;48;2;2;4;11m▄\e[38;2;2;5;12;48;2;2;4;11m▄\e[38;2;2;5;12;48;2;3;3;11m▄\e[38;2;1;4;11;48;2;2;3;10m▄\e[38;2;2;4;11;48;2;2;3;9m▄\e[38;2;2;3;11;48;2;2;3;8m▄\e[38;2;2;3;9;48;2;1;2;8m▄\e[38;2;2;3;8;48;2;1;2;8m▄\e[38;2;2;3;8;48;2;1;2;7m▄\e[38;2;1;3;8;48;2;1;2;7m▄\e[48;2;1;2;7m \e[38;2;1;2;7;48;2;1;2;6m▄▄▄\e[48;2;1;2;6m  \e[38;2;1;2;5;48;2;0;1;5m▄\e[38;2;0;2;5;48;2;0;1;5m▄\e[48;2;0;1;5m        \e[48;2;0;1;3m \e[38;2;0;1;4;48;2;0;1;3m▄\e[48;2;1;3;7m \e[38;2;4;3;9;48;2;3;4;9m▄\e[m
\e[38;2;3;6;10;48;2;3;3;7m▄\e[38;2;0;2;2;48;2;0;1;1m▄\e[48;2;0;1;3m    \e[38;2;0;1;4;48;2;0;1;3m▄\e[38;2;0;1;5;48;2;0;1;3m▄▄\e[48;2;0;1;5m \e[38;2;0;2;5;48;2;0;1;5m▄\e[38;2;1;2;6;48;2;0;2;5m▄\e[38;2;1;2;7;48;2;1;3;8m▄\e[38;2;1;2;8;48;2;2;3;8m▄\e[38;2;1;2;9;48;2;2;2;9m▄\e[38;2;1;4;11;48;2;2;3;10m▄\e[48;2;1;4;11m \e[38;2;1;4;12;48;2;1;4;11m▄\e[38;2;2;6;15;48;2;2;5;12m▄\e[38;2;4;8;18;48;2;3;6;15m▄\e[38;2;7;11;25;48;2;3;8;18m▄\e[38;2;9;13;29;48;2;4;9;20m▄\e[38;2;8;12;27;48;2;4;8;19m▄\e[38;2;7;11;25;48;2;4;8;19m▄\e[38;2;8;12;29;48;2;4;8;19m▄\e[38;2;10;14;32;48;2;5;9;21m▄\e[38;2;11;14;34;48;2;7;10;25m▄\e[38;2;12;16;37;48;2;8;12;27m▄\e[38;2;12;17;40;48;2;9;13;28m▄\e[38;2;12;17;39;48;2;9;13;29m▄\e[38;2;10;15;33;48;2;9;12;28m▄\e[38;2;9;13;29;48;2;6;10;25m▄\e[38;2;9;13;29;48;2;6;10;23m▄\e[38;2;9;14;34;48;2;6;10;23m▄\e[38;2;10;15;39;48;2;6;10;24m▄\e[38;2;11;16;41;48;2;7;11;25m▄\e[38;2;13;17;42;48;2;9;13;29m▄\e[38;2;13;18;41;48;2;9;13;30m▄\e[38;2;14;18;43;48;2;10;13;33m▄\e[38;2;13;18;41;48;2;9;13;31m▄\e[38;2;9;14;37;48;2;8;11;27m▄\e[38;2;10;14;35;48;2;6;10;24m▄\e[38;2;10;15;40;48;2;7;10;28m▄\e[38;2;11;17;42;48;2;9;13;34m▄\e[38;2;11;17;41;48;2;11;17;40m▄\e[38;2;9;15;38;48;2;8;14;35m▄\e[38;2;8;13;36;48;2;7;13;33m▄\e[38;2;8;12;34;48;2;6;11;31m▄\e[38;2;7;14;35;48;2;5;11;29m▄\e[38;2;12;18;39;48;2;5;10;28m▄\e[38;2;16;23;44;48;2;6;9;24m▄\e[38;2;17;24;45;48;2;7;9;23m▄\e[38;2;7;12;30;48;2;5;8;21m▄\e[38;2;5;9;23;48;2;3;6;17m▄\e[38;2;4;8;19;48;2;3;6;14m▄\e[38;2;3;8;16;48;2;2;5;13m▄\e[38;2;3;6;16;48;2;2;4;12m▄\e[38;2;3;6;13;48;2;2;4;11m▄\e[38;2;2;5;12;48;2;2;4;11m▄\e[38;2;2;4;12;48;2;2;3;9m▄\e[38;2;2;4;11;48;2;2;3;9m▄\e[38;2;2;4;10;48;2;1;2;8m▄\e[38;2;1;3;9;48;2;1;2;7m▄▄\e[38;2;2;3;9;48;2;1;2;7m▄▄▄▄\e[38;2;2;3;8;48;2;1;2;6m▄\e[38;2;1;2;8;48;2;0;2;5m▄\e[38;2;1;2;7;48;2;0;2;5m▄\e[38;2;1;2;7;48;2;0;1;5m▄\e[38;2;1;2;6;48;2;0;2;5m▄\e[38;2;0;2;5;48;2;0;1;5m▄\e[48;2;0;1;5m   \e[38;2;0;1;5;48;2;0;1;4m▄\e[38;2;1;3;8;48;2;1;3;7m▄\e[38;2;3;3;9;48;2;4;3;9m▄\e[m
\e[38;2;1;4;7;48;2;4;4;8m▄\e[38;2;0;1;6;48;2;0;1;4m▄\e[48;2;0;1;5m  \e[38;2;0;1;5;48;2;0;1;4m▄\e[48;2;0;1;5m   \e[38;2;0;2;5;48;2;0;1;5m▄\e[38;2;1;2;6;48;2;0;2;6m▄\e[38;2;1;2;8;48;2;0;2;7m▄\e[38;2;1;4;10;48;2;1;2;7m▄\e[38;2;2;5;12;48;2;1;2;9m▄\e[38;2;2;6;15;48;2;1;3;10m▄\e[38;2;3;7;16;48;2;1;3;10m▄\e[38;2;3;8;18;48;2;1;3;12m▄\e[38;2;6;10;22;48;2;2;5;13m▄\e[38;2;7;12;26;48;2;3;6;15m▄\e[38;2;9;13;36;48;2;5;9;21m▄\e[38;2;10;15;40;48;2;7;12;25m▄\e[38;2;13;21;51;48;2;10;15;41m▄\e[38;2;15;23;55;48;2;12;18;38m▄\e[38;2;16;25;58;48;2;12;17;37m▄\e[38;2;18;26;61;48;2;11;16;35m▄\e[38;2;18;26;65;48;2;13;18;41m▄\e[38;2;18;26;61;48;2;14;19;46m▄\e[38;2;21;30;63;48;2;15;21;50m▄\e[38;2;27;35;68;48;2;18;25;55m▄\e[38;2;30;41;73;48;2;20;28;60m▄\e[38;2;30;41;75;48;2;18;25;55m▄\e[38;2;28;38;72;48;2;14;20;45m▄\e[38;2;24;34;67;48;2;12;18;42m▄\e[38;2;21;31;65;48;2;12;18;42m▄\e[38;2;23;33;67;48;2;14;21;50m▄\e[38;2;24;34;69;48;2;16;24;55m▄\e[38;2;26;37;71;48;2;15;25;55m▄\e[38;2;23;34;67;48;2;19;28;57m▄\e[38;2;23;32;66;48;2;16;23;52m▄\e[38;2;21;29;64;48;2;16;22;52m▄\e[38;2;22;28;63;48;2;15;22;51m▄\e[38;2;18;24;57;48;2;15;20;49m▄\e[38;2;20;27;56;48;2;15;20;46m▄\e[38;2;20;29;60;48;2;14;20;47m▄\e[38;2;19;28;60;48;2;13;18;46m▄\e[38;2;18;28;60;48;2;13;19;46m▄\e[38;2;22;30;62;48;2;13;20;47m▄\e[38;2;19;27;58;48;2;10;17;42m▄\e[38;2;20;29;59;48;2;9;16;41m▄\e[38;2;17;27;55;48;2;12;20;44m▄\e[38;2;19;28;57;48;2;16;24;47m▄\e[38;2;22;31;61;48;2;19;27;50m▄\e[38;2;20;29;57;48;2;15;23;45m▄\e[38;2;10;16;39;48;2;8;12;32m▄\e[38;2;9;13;31;48;2;7;10;29m▄\e[38;2;7;11;26;48;2;6;10;26m▄\e[38;2;6;10;21;48;2;5;9;19m▄\e[38;2;5;9;22;48;2;3;8;17m▄\e[38;2;4;8;18;48;2;3;7;15m▄\e[38;2;4;7;16;48;2;3;6;14m▄\e[38;2;3;6;15;48;2;3;6;13m▄\e[38;2;3;6;14;48;2;2;5;12m▄\e[38;2;3;6;13;48;2;2;5;12m▄\e[38;2;3;6;14;48;2;2;5;12m▄\e[38;2;3;6;13;48;2;2;5;12m▄\e[38;2;2;5;12;48;2;2;4;11m▄▄\e[48;2;2;4;11m \e[38;2;2;3;11;48;2;3;4;10m▄\e[38;2;2;3;11;48;2;2;3;9m▄\e[48;2;2;3;9m \e[38;2;2;3;8;48;2;1;2;8m▄▄\e[38;2;1;2;8;48;2;1;2;7m▄\e[48;2;1;2;6m \e[38;2;1;2;7;48;2;0;2;5m▄\e[38;2;0;2;6;48;2;0;1;5m▄\e[48;2;0;1;5m  \e[38;2;2;3;8;48;2;1;4;8m▄\e[38;2;3;5;10;48;2;2;4;9m▄\e[m
\e[38;2;3;4;8;48;2;3;3;7m▄\e[38;2;1;2;7;48;2;0;1;6m▄\e[38;2;1;2;6;48;2;0;1;5m▄\e[48;2;0;1;5m   \e[38;2;0;2;6;48;2;0;2;5m▄\e[48;2;1;2;6m  \e[48;2;1;2;8m \e[38;2;1;3;10;48;2;2;3;10m▄\e[38;2;2;4;11;48;2;1;4;11m▄\e[38;2;3;6;16;48;2;3;6;15m▄\e[38;2;7;11;25;48;2;6;10;22m▄\e[38;2;9;14;37;48;2;7;12;28m▄\e[38;2;11;16;45;48;2;8;12;35m▄\e[38;2;11;18;48;48;2;10;15;41m▄\e[38;2;13;21;52;48;2;11;17;46m▄\e[38;2;13;22;56;48;2;11;18;48m▄\e[38;2;15;24;57;48;2;12;20;48m▄\e[38;2;16;25;59;48;2;15;22;54m▄\e[38;2;18;27;60;48;2;17;26;61m▄\e[38;2;19;28;61;48;2;18;28;64m▄\e[38;2;21;31;65;48;2;17;28;64m▄\e[38;2;25;35;71;48;2;20;30;67m▄\e[38;2;28;39;74;48;2;22;32;67m▄\e[38;2;32;43;79;48;2;27;37;72m▄\e[38;2;36;48;85;48;2;29;39;75m▄\e[38;2;40;52;91;48;2;32;43;79m▄\e[38;2;45;57;98;48;2;34;46;86m▄\e[38;2;45;57;100;48;2;33;45;84m▄\e[38;2;43;55;97;48;2;30;41;83m▄\e[38;2;44;59;102;48;2;29;40;77m▄\e[38;2;54;70;113;48;2;30;43;80m▄\e[38;2;66;82;125;48;2;37;50;89m▄\e[38;2;69;84;124;48;2;64;78;116m▄\e[38;2;68;82;118;48;2;73;87;121m▄\e[38;2;61;75;109;48;2;59;74;107m▄\e[38;2;54;69;102;48;2;53;67;99m▄\e[38;2;70;84;116;48;2;60;75;108m▄\e[38;2;106;118;143;48;2;78;92;125m▄\e[38;2;80;94;127;48;2;94;109;140m▄\e[38;2;74;88;124;48;2;93;111;141m▄\e[38;2;103;118;152;48;2;53;67;100m▄\e[38;2;121;136;165;48;2;39;50;84m▄\e[38;2;94;109;142;48;2;31;43;79m▄\e[38;2;54;67;107;48;2;25;38;73m▄\e[38;2;36;49;84;48;2;25;36;69m▄\e[38;2;29;41;74;48;2;24;35;67m▄\e[38;2;30;41;77;48;2;20;31;64m▄\e[38;2;25;36;71;48;2;17;26;59m▄\e[38;2;18;26;54;48;2;13;20;45m▄\e[38;2;17;24;50;48;2;13;18;38m▄\e[38;2;17;23;49;48;2;12;17;37m▄\e[38;2;15;21;46;48;2;10;15;34m▄\e[38;2;13;18;40;48;2;10;13;32m▄\e[38;2;11;16;34;48;2;9;12;27m▄\e[38;2;8;12;27;48;2;5;9;21m▄\e[38;2;6;10;24;48;2;4;7;18m▄\e[38;2;5;9;20;48;2;4;7;16m▄\e[38;2;4;8;18;48;2;4;7;16m▄\e[38;2;4;7;17;48;2;3;6;14m▄\e[38;2;3;6;16;48;2;3;5;13m▄\e[38;2;3;6;15;48;2;2;5;12m▄\e[38;2;2;5;13;48;2;2;5;12m▄\e[38;2;1;4;11;48;2;2;5;12m▄\e[38;2;2;4;11;48;2;1;4;11m▄\e[38;2;2;3;9;48;2;2;4;9m▄\e[48;2;2;3;8m   \e[38;2;1;2;7;48;2;1;3;8m▄\e[38;2;2;3;8;48;2;1;2;7m▄\e[38;2;1;3;8;48;2;1;2;7m▄\e[38;2;1;2;8;48;2;1;2;7m▄\e[48;2;1;2;6m \e[38;2;1;2;6;48;2;0;2;5m▄\e[38;2;1;2;6;48;2;0;1;5m▄\e[38;2;2;5;10;48;2;1;4;9m▄\e[38;2;4;5;11;48;2;5;4;9m▄\e[m
\e[38;2;1;4;8;48;2;2;5;9m▄\e[38;2;1;2;7;48;2;1;2;8m▄\e[48;2;1;2;7m  \e[38;2;1;3;8;48;2;1;2;7m▄\e[38;2;2;3;9;48;2;1;2;7m▄\e[38;2;2;3;10;48;2;1;2;7m▄\e[38;2;1;4;11;48;2;1;2;8m▄▄\e[38;2;2;4;11;48;2;2;3;10m▄\e[38;2;3;5;13;48;2;1;4;11m▄\e[38;2;3;7;16;48;2;3;5;13m▄\e[38;2;6;10;23;48;2;3;8;18m▄\e[38;2;8;11;28;48;2;7;11;28m▄\e[38;2;8;12;34;48;2;10;14;37m▄\e[38;2;8;14;40;48;2;10;15;43m▄\e[38;2;9;16;41;48;2;11;18;47m▄\e[38;2;13;20;55;48;2;13;21;53m▄\e[38;2;16;26;62;48;2;14;23;56m▄\e[38;2;19;29;65;48;2;16;26;60m▄\e[38;2;19;29;67;48;2;18;28;64m▄\e[38;2;21;31;69;48;2;19;29;65m▄\e[38;2;26;36;72;48;2;20;30;65m▄\e[38;2;32;42;80;48;2;21;31;65m▄\e[38;2;42;54;92;48;2;27;38;73m▄\e[38;2;50;61;104;48;2;38;48;85m▄\e[38;2;57;68;113;48;2;45;56;96m▄\e[38;2;70;82;130;48;2;61;72;118m▄\e[38;2;86;102;145;48;2;63;76;120m▄\e[38;2;111;123;159;48;2;72;86;127m▄\e[38;2;122;135;171;48;2;69;82;126m▄\e[38;2;95;108;152;48;2;62;75;119m▄\e[38;2;74;89;136;48;2;63;78;123m▄\e[38;2;71;87;132;48;2;69;84;130m▄\e[38;2;81;95;141;48;2;70;85;131m▄\e[38;2;92;105;146;48;2;74;87;129m▄\e[38;2;84;97;138;48;2;69;82;124m▄\e[38;2;81;94;133;48;2;69;83;120m▄\e[38;2;79;91;130;48;2;62;77;113m▄\e[38;2;78;90;128;48;2;73;86;118m▄\e[38;2;142;147;173;48;2;131;138;158m▄\e[38;2;95;107;146;48;2;82;95;128m▄\e[38;2;101;114;152;48;2;86;100;139m▄\e[38;2;106;120;160;48;2;105;119;160m▄\e[38;2;124;137;173;48;2;129;143;177m▄\e[38;2;143;154;186;48;2;142;155;187m▄\e[38;2;131;144;178;48;2;118;132;167m▄\e[38;2;125;139;166;48;2;79;93;128m▄\e[38;2;83;97;129;48;2;50;62;99m▄\e[38;2;54;66;105;48;2;46;57;95m▄\e[38;2;56;69;108;48;2;44;56;94m▄\e[38;2;57;69;113;48;2;40;52;88m▄\e[38;2;56;65;111;48;2;36;47;83m▄\e[38;2;47;59;102;48;2;29;38;76m▄\e[38;2;33;43;82;48;2;21;28;58m▄\e[38;2;26;34;67;48;2;17;23;48m▄\e[38;2;17;23;49;48;2;15;19;40m▄\e[38;2;13;18;39;48;2;11;15;34m▄\e[38;2;12;17;37;48;2;9;13;30m▄\e[38;2;10;15;34;48;2;8;11;27m▄\e[38;2;8;12;28;48;2;7;11;24m▄\e[38;2;7;10;25;48;2;5;9;22m▄\e[38;2;6;10;23;48;2;4;8;20m▄\e[38;2;5;9;22;48;2;3;7;17m▄\e[38;2;4;8;18;48;2;3;6;15m▄\e[38;2;3;6;15;48;2;2;5;13m▄\e[38;2;2;5;13;48;2;2;4;11m▄\e[38;2;1;4;11;48;2;2;3;11m▄\e[38;2;2;4;11;48;2;2;3;10m▄\e[38;2;2;3;10;48;2;2;3;9m▄\e[48;2;2;3;8m \e[38;2;2;3;8;48;2;1;2;8m▄\e[38;2;1;2;7;48;2;2;3;8m▄\e[38;2;1;2;6;48;2;1;2;8m▄\e[38;2;1;2;6;48;2;1;2;7m▄▄\e[48;2;1;2;6m  \e[48;2;2;4;9m \e[38;2;5;4;9;48;2;4;5;9m▄\e[m
\e[38;2;2;4;7;48;2;0;3;7m▄\e[38;2;1;3;8;48;2;1;2;7m▄\e[38;2;1;2;8;48;2;1;2;6m▄\e[38;2;1;2;8;48;2;1;2;7m▄\e[48;2;2;3;8m \e[38;2;2;3;9;48;2;2;4;10m▄\e[38;2;2;4;11;48;2;1;4;11m▄\e[38;2;3;5;13;48;2;1;4;11m▄\e[38;2;3;6;14;48;2;2;5;13m▄\e[38;2;3;8;18;48;2;3;6;14m▄\e[38;2;5;9;24;48;2;4;7;18m▄\e[38;2;7;10;30;48;2;6;9;24m▄\e[38;2;8;11;34;48;2;7;10;30m▄\e[48;2;8;12;36m \e[38;2;10;14;41;48;2;10;14;40m▄\e[38;2;11;16;46;48;2;9;15;41m▄\e[38;2;13;18;50;48;2;10;16;45m▄\e[38;2;15;22;55;48;2;13;21;51m▄\e[38;2;18;27;63;48;2;18;27;62m▄\e[38;2;22;30;69;48;2;23;34;73m▄\e[38;2;25;34;75;48;2;26;36;80m▄\e[38;2;34;45;87;48;2;29;40;80m▄\e[38;2;43;56;97;48;2;38;49;87m▄\e[38;2;54;66;111;48;2;51;62;104m▄\e[38;2;59;70;119;48;2;50;61;104m▄\e[38;2;69;82;130;48;2;51;63;107m▄\e[38;2;98;111;152;48;2;61;74;119m▄\e[38;2;121;132;167;48;2;79;97;138m▄\e[38;2;122;134;169;48;2;108;121;160m▄\e[38;2;154;163;192;48;2;139;149;180m▄\e[38;2;169;176;202;48;2;148;158;188m▄\e[38;2;149;160;192;48;2;110;123;162m▄\e[38;2;116;130;174;48;2;94;109;153m▄\e[38;2;103;115;163;48;2;87;101;147m▄\e[38;2;93;106;157;48;2;91;105;151m▄\e[38;2;113;126;170;48;2;107;120;160m▄\e[38;2;123;137;174;48;2;116;128;166m▄\e[38;2;125;136;174;48;2;104;115;155m▄\e[38;2;112;124;163;48;2;94;107;145m▄\e[38;2;91;105;152;48;2;76;90;133m▄\e[38;2;96;107;155;48;2;108;118;155m▄\e[38;2;146;154;189;48;2;108;118;156m▄\e[38;2;117;129;172;48;2;102;115;155m▄\e[38;2;107;120;165;48;2;103;116;159m▄\e[38;2;112;125;168;48;2;105;117;162m▄\e[38;2;111;124;168;48;2;133;145;179m▄\e[38;2;135;146;180;48;2;137;148;177m▄\e[38;2;107;121;157;48;2;127;142;167m▄\e[38;2;127;142;174;48;2;102;117;150m▄\e[38;2;112;127;163;48;2;76;90;129m▄\e[38;2;88;102;144;48;2;76;89;134m▄\e[38;2;82;95;143;48;2;78;91;136m▄\e[38;2;74;86;135;48;2;67;79;125m▄\e[38;2;66;79;121;48;2;61;73;113m▄\e[38;2;65;77;118;48;2;53;65;105m▄\e[38;2;57;69;108;48;2;46;58;96m▄\e[38;2;52;63;99;48;2;35;44;83m▄\e[38;2;42;52;88;48;2;20;27;55m▄\e[38;2;28;36;69;48;2;14;21;44m▄\e[38;2;21;29;56;48;2;13;18;39m▄\e[38;2;15;20;44;48;2;11;16;36m▄\e[38;2;11;16;36;48;2;9;14;32m▄\e[38;2;9;13;30;48;2;8;12;28m▄\e[38;2;8;11;27;48;2;7;11;25m▄\e[38;2;6;10;24;48;2;6;9;22m▄\e[38;2;4;8;21;48;2;4;8;18m▄\e[48;2;3;6;16m \e[38;2;3;5;13;48;2;2;5;12m▄\e[38;2;1;4;12;48;2;1;4;11m▄\e[38;2;2;3;10;48;2;2;4;10m▄\e[38;2;2;3;8;48;2;2;3;9m▄\e[48;2;2;3;8m \e[48;2;1;2;7m \e[38;2;1;2;7;48;2;1;2;6m▄\e[48;2;1;2;6m \e[38;2;1;2;7;48;2;1;2;6m▄\e[38;2;1;2;8;48;2;1;2;6m▄\e[38;2;1;2;7;48;2;1;2;6m▄\e[48;2;2;4;9m \e[38;2;4;5;9;48;2;5;4;9m▄\e[m
\e[38;2;1;5;8;48;2;3;5;9m▄\e[38;2;2;3;10;48;2;2;4;10m▄\e[38;2;2;4;11;48;2;2;4;10m▄\e[38;2;1;4;11;48;2;2;3;10m▄\e[38;2;2;4;11;48;2;2;3;10m▄\e[38;2;3;3;11;48;2;2;3;9m▄\e[38;2;2;4;11;48;2;3;3;11m▄\e[38;2;1;4;11;48;2;2;4;11m▄\e[38;2;2;5;12;48;2;3;6;13m▄\e[38;2;3;6;14;48;2;3;6;15m▄\e[38;2;3;7;17;48;2;4;8;19m▄\e[38;2;4;8;21;48;2;6;9;27m▄\e[38;2;8;11;30;48;2;8;11;32m▄\e[38;2;9;12;34;48;2;8;12;36m▄\e[38;2;12;16;43;48;2;10;14;41m▄\e[38;2;13;20;49;48;2;11;16;46m▄\e[38;2;14;21;53;48;2;16;23;55m▄\e[38;2;18;26;58;48;2;26;34;68m▄\e[38;2;17;24;54;48;2;21;28;65m▄\e[38;2;22;28;63;48;2;20;27;64m▄\e[38;2;30;37;79;48;2;24;32;72m▄\e[38;2;33;43;88;48;2;30;41;85m▄\e[38;2;42;54;102;48;2;38;50;97m▄\e[38;2;65;76;130;48;2;52;64;112m▄\e[38;2;86;98;149;48;2;72;84;133m▄\e[38;2;100;113;159;48;2;87;101;147m▄\e[38;2;116;130;168;48;2;107;121;162m▄\e[38;2;162;170;197;48;2;141;151;182m▄\e[38;2;184;189;210;48;2;155;163;192m▄\e[38;2;177;183;206;48;2;165;172;199m▄\e[38;2;160;169;198;48;2;172;179;204m▄\e[38;2;130;144;186;48;2;157;167;197m▄\e[38;2;118;133;180;48;2;138;149;187m▄\e[38;2;112;127;175;48;2;107;120;169m▄\e[38;2;118;133;175;48;2;98;112;164m▄\e[38;2;142;154;186;48;2;108;120;169m▄\e[38;2;157;166;196;48;2;125;138;177m▄\e[38;2;162;170;199;48;2;140;151;186m▄\e[38;2;149;159;190;48;2;138;149;185m▄\e[38;2;153;164;196;48;2;124;135;174m▄\e[38;2;140;150;185;48;2;112;125;168m▄\e[38;2;132;144;182;48;2;137;147;183m▄\e[38;2;153;162;194;48;2;128;139;179m▄\e[38;2;132;146;181;48;2;114;127;170m▄\e[38;2;123;136;177;48;2;117;130;173m▄\e[38;2;156;166;201;48;2;134;146;187m▄\e[38;2;161;172;203;48;2;155;166;198m▄\e[38;2;120;132;176;48;2;130;143;178m▄\e[38;2;111;124;167;48;2;122;135;175m▄\e[38;2;129;142;180;48;2;132;147;180m▄\e[38;2;136;151;188;48;2;107;122;163m▄\e[38;2;96;109;154;48;2;92;104;154m▄\e[38;2;91;103;151;48;2;86;98;145m▄\e[38;2;64;77;121;48;2;66;79;124m▄\e[38;2;49;61;102;48;2;58;69;112m▄\e[38;2;42;53;93;48;2;50;62;99m▄\e[38;2;28;40;77;48;2;42;53;90m▄\e[38;2;27;36;71;48;2;37;48;82m▄\e[38;2;27;38;71;48;2;35;46;81m▄\e[38;2;25;35;68;48;2;28;39;74m▄\e[38;2;16;23;55;48;2;18;24;53m▄\e[38;2;11;16;36;48;2;12;17;38m▄\e[38;2;9;13;29;48;2;9;13;31m▄\e[48;2;7;11;26m \e[38;2;6;10;22;48;2;6;10;24m▄\e[38;2;5;8;20;48;2;5;9;22m▄\e[38;2;3;6;16;48;2;3;7;18m▄\e[38;2;3;6;15;48;2;3;5;14m▄\e[38;2;2;5;12;48;2;1;4;12m▄\e[38;2;1;4;11;48;2;2;3;10m▄\e[38;2;2;3;11;48;2;2;3;9m▄\e[38;2;2;3;9;48;2;2;3;8m▄\e[38;2;2;3;8;48;2;1;2;8m▄▄\e[38;2;2;3;8;48;2;1;3;7m▄\e[48;2;2;3;7m \e[38;2;1;3;8;48;2;2;3;7m▄\e[38;2;1;2;6;48;2;1;2;7m▄\e[48;2;2;4;9m \e[38;2;5;4;9;48;2;4;5;9m▄\e[m
\e[38;2;2;4;9;48;2;1;5;8m▄\e[38;2;2;4;13;48;2;2;4;11m▄\e[38;2;2;5;14;48;2;1;4;11m▄\e[38;2;3;6;15;48;2;1;4;12m▄\e[38;2;3;6;16;48;2;2;5;13m▄▄\e[38;2;2;6;17;48;2;3;6;13m▄\e[38;2;3;7;18;48;2;3;6;14m▄\e[38;2;3;7;19;48;2;2;7;14m▄\e[38;2;4;8;22;48;2;3;6;16m▄\e[38;2;5;9;22;48;2;3;7;17m▄\e[38;2;6;9;24;48;2;5;9;21m▄\e[38;2;7;10;28;48;2;8;11;30m▄\e[38;2;8;12;32;48;2;8;13;34m▄\e[38;2;9;13;32;48;2;10;14;37m▄\e[38;2;10;14;34;48;2;12;16;41m▄\e[38;2;12;16;38;48;2;12;18;44m▄\e[38;2;13;19;42;48;2;15;21;48m▄\e[38;2;17;23;49;48;2;18;23;51m▄\e[38;2;23;30;62;48;2;22;29;62m▄\e[38;2;28;37;74;48;2;29;36;79m▄\e[38;2;39;48;93;48;2;36;46;90m▄\e[38;2;53;65;115;48;2;48;60;108m▄\e[38;2;76;89;138;48;2;71;83;134m▄\e[38;2;94;106;156;48;2;97;109;157m▄\e[38;2;115;127;169;48;2;113;126;169m▄\e[38;2;129;142;178;48;2;122;135;173m▄\e[38;2;129;144;179;48;2;150;159;189m▄\e[38;2;145;155;190;48;2;183;188;211m▄\e[38;2;143;153;189;48;2;180;185;208m▄\e[38;2;131;143;183;48;2;152;162;192m▄\e[38;2;159;170;199;48;2;129;145;184m▄\e[38;2;164;172;206;48;2;124;139;186m▄\e[38;2;175;183;212;48;2;132;149;187m▄\e[38;2;181;188;214;48;2;131;147;185m▄\e[38;2;185;192;216;48;2;160;169;201m▄\e[38;2;186;193;216;48;2;177;185;209m▄\e[38;2;197;202;222;48;2;184;190;212m▄\e[38;2;199;204;224;48;2;179;186;210m▄\e[38;2;184;192;216;48;2;169;176;205m▄\e[38;2;180;188;212;48;2;159;168;197m▄\e[38;2;161;172;205;48;2;151;163;195m▄\e[38;2;143;156;196;48;2;143;156;189m▄\e[38;2;141;153;191;48;2;132;143;182m▄\e[38;2;139;151;190;48;2;148;156;192m▄\e[38;2;158;169;198;48;2;129;140;181m▄\e[38;2;145;158;190;48;2;133;145;186m▄\e[38;2;115;129;171;48;2;110;124;170m▄\e[38;2;121;135;176;48;2;101;115;162m▄\e[38;2;125;138;178;48;2;115;131;172m▄\e[38;2;125;141;182;48;2;135;150;187m▄\e[38;2;107;124;166;48;2;96;111;160m▄\e[38;2;79;93;144;48;2;87;99;148m▄\e[38;2;67;80;133;48;2;62;74;127m▄\e[38;2;59;71;124;48;2;45;58;104m▄\e[38;2;48;59;109;48;2;35;45;90m▄\e[38;2;41;51;92;48;2;29;39;79m▄\e[38;2;34;44;86;48;2;27;37;75m▄\e[38;2;30;39;79;48;2;30;40;75m▄\e[38;2;27;37;72;48;2;27;38;71m▄\e[38;2;20;28;60;48;2;15;23;55m▄\e[38;2;14;21;48;48;2;11;16;38m▄\e[38;2;11;16;37;48;2;9;13;30m▄\e[38;2;8;12;29;48;2;8;11;27m▄\e[38;2;8;12;28;48;2;6;10;22m▄\e[38;2;7;11;27;48;2;4;8;19m▄\e[38;2;7;10;25;48;2;3;7;17m▄\e[38;2;6;10;24;48;2;2;7;16m▄\e[38;2;4;9;19;48;2;3;6;15m▄\e[38;2;3;7;17;48;2;3;6;13m▄\e[38;2;3;6;14;48;2;2;5;12m▄\e[38;2;1;4;11;48;2;2;4;11m▄\e[38;2;3;3;11;48;2;2;3;11m▄\e[48;2;2;3;10m \e[48;2;2;3;8m  \e[38;2;1;2;8;48;2;1;2;7m▄\e[48;2;1;2;7m \e[38;2;2;4;10;48;2;2;4;9m▄\e[38;2;3;5;10;48;2;4;4;8m▄\e[m
\e[38;2;2;7;12;48;2;5;4;9m▄\e[38;2;3;5;17;48;2;2;4;13m▄\e[38;2;3;6;15;48;2;3;5;14m▄\e[48;2;3;6;15m  \e[38;2;3;6;17;48;2;3;6;16m▄\e[38;2;3;7;18;48;2;3;7;17m▄\e[38;2;4;8;20;48;2;3;7;19m▄\e[48;2;4;8;21m \e[38;2;5;9;22;48;2;5;9;23m▄\e[38;2;6;9;24;48;2;6;9;25m▄\e[38;2;7;10;27;48;2;6;10;26m▄\e[38;2;8;11;28;48;2;7;10;29m▄\e[38;2;8;11;27;48;2;8;11;28m▄\e[38;2;9;12;29;48;2;9;12;28m▄\e[38;2;10;15;33;48;2;9;13;32m▄\e[48;2;11;15;36m \e[38;2;13;17;40;48;2;13;18;42m▄\e[38;2;15;20;44;48;2;17;23;50m▄\e[38;2;18;25;52;48;2;21;28;58m▄\e[38;2;23;32;66;48;2;27;35;71m▄\e[38;2;31;40;78;48;2;36;47;89m▄\e[38;2;38;49;91;48;2;48;61;110m▄\e[38;2;52;63;116;48;2;67;81;134m▄\e[38;2;63;75;129;48;2;85;98;150m▄\e[38;2;65;79;135;48;2;88;103;153m▄\e[38;2;72;88;146;48;2;96;111;159m▄\e[38;2;84;101;158;48;2;99;115;162m▄\e[38;2;81;97;154;48;2;94;110;162m▄\e[38;2;81;96;152;48;2;89;104;157m▄\e[38;2;97;112;163;48;2;99;113;164m▄\e[38;2;113;128;176;48;2;129;145;185m▄\e[38;2;119;133;177;48;2;154;166;200m▄\e[38;2;127;140;181;48;2;166;175;205m▄\e[38;2;132;145;186;48;2;171;180;208m▄\e[38;2;148;160;193;48;2;191;198;220m▄\e[38;2;169;179;210;48;2;191;198;221m▄\e[38;2;188;196;221;48;2;201;206;227m▄\e[38;2;204;210;230;48;2;203;208;229m▄\e[38;2;209;214;233;48;2;193;198;222m▄\e[38;2;203;208;227;48;2;190;197;221m▄\e[38;2;203;208;229;48;2;181;190;217m▄\e[38;2;193;199;223;48;2;171;180;211m▄\e[38;2;170;180;209;48;2;164;176;205m▄\e[38;2;158;170;199;48;2;167;177;205m▄\e[38;2;149;162;194;48;2;176;184;210m▄\e[38;2;141;153;188;48;2;169;178;204m▄\e[38;2;125;141;181;48;2;123;134;177m▄\e[38;2;145;158;195;48;2;132;145;184m▄\e[38;2;128;147;184;48;2;139;153;191m▄\e[38;2;123;142;182;48;2;126;142;183m▄\e[38;2;134;154;190;48;2;134;153;191m▄\e[38;2;94;109;158;48;2;83;98;149m▄\e[38;2;80;95;147;48;2;68;84;134m▄\e[38;2;72;84;138;48;2;62;76;125m▄\e[38;2;60;72;123;48;2;57;68;123m▄\e[38;2;50;62;108;48;2;51;64;110m▄\e[38;2;44;57;101;48;2;43;54;99m▄\e[38;2;37;48;87;48;2;34;45;87m▄\e[38;2;29;41;75;48;2;29;40;75m▄\e[38;2;25;36;68;48;2;25;34;67m▄\e[38;2;24;34;65;48;2;21;30;58m▄\e[38;2;23;32;61;48;2;19;27;53m▄\e[38;2;25;35;62;48;2;17;24;47m▄\e[38;2;21;28;55;48;2;16;22;46m▄\e[38;2;16;23;46;48;2;11;16;38m▄\e[38;2;13;19;41;48;2;8;13;32m▄\e[38;2;9;15;37;48;2;8;11;30m▄\e[38;2;7;12;32;48;2;6;10;24m▄\e[38;2;7;11;28;48;2;5;9;20m▄\e[38;2;4;8;18;48;2;3;7;14m▄\e[38;2;3;6;13;48;2;2;5;12m▄\e[38;2;2;5;12;48;2;2;4;11m▄\e[38;2;2;4;11;48;2;3;4;10m▄\e[38;2;2;3;10;48;2;2;3;9m▄\e[38;2;2;3;9;48;2;2;3;8m▄\e[38;2;2;3;8;48;2;1;2;8m▄▄\e[38;2;3;5;12;48;2;2;4;11m▄\e[38;2;5;6;13;48;2;4;5;13m▄\e[m
\e[38;2;3;6;12;48;2;2;7;12m▄\e[38;2;3;5;14;48;2;3;5;17m▄\e[38;2;3;5;15;48;2;3;5;16m▄\e[38;2;3;6;16;48;2;3;5;17m▄\e[38;2;4;6;16;48;2;3;5;17m▄\e[38;2;3;6;16;48;2;3;6;17m▄\e[38;2;4;6;17;48;2;4;7;18m▄\e[38;2;3;7;18;48;2;4;7;20m▄\e[38;2;4;8;20;48;2;5;9;21m▄\e[48;2;5;9;23m \e[38;2;6;9;24;48;2;6;9;25m▄\e[38;2;6;10;26;48;2;7;10;25m▄\e[48;2;8;11;28m \e[38;2;8;12;29;48;2;9;12;29m▄\e[38;2;9;12;30;48;2;9;13;31m▄\e[38;2;9;13;33;48;2;10;15;35m▄\e[38;2;10;14;32;48;2;10;15;35m▄\e[38;2;10;13;31;48;2;11;15;35m▄\e[38;2;11;15;36;48;2;13;17;39m▄\e[38;2;14;20;43;48;2;15;21;45m▄\e[38;2;20;27;57;48;2;20;28;58m▄\e[48;2;28;37;73m \e[38;2;39;49;91;48;2;38;47;89m▄\e[38;2;45;58;103;48;2;45;57;105m▄\e[38;2;49;60;116;48;2;53;64;117m▄\e[38;2;49;61;110;48;2;58;69;124m▄\e[38;2;54;66;115;48;2;64;76;135m▄\e[38;2;60;71;124;48;2;70;84;145m▄\e[38;2;69;82;133;48;2;75;86;145m▄\e[38;2;79;92;148;48;2;81;92;149m▄\e[38;2;81;93;150;48;2;83;98;152m▄\e[38;2;78;91;145;48;2;91;106;154m▄\e[38;2;73;87;140;48;2;97;113;162m▄\e[38;2;82;94;150;48;2;102;116;167m▄\e[38;2;92;104;158;48;2;112;128;174m▄\e[38;2;112;125;175;48;2;136;150;186m▄\e[38;2;134;149;191;48;2;152;167;202m▄\e[38;2;149;164;203;48;2;159;173;205m▄\e[38;2;168;178;210;48;2;182;193;220m▄\e[38;2;180;189;216;48;2;198;205;228m▄\e[38;2;186;195;220;48;2;210;215;235m▄\e[38;2;203;208;229;48;2;210;215;235m▄\e[38;2;202;208;228;48;2;198;203;228m▄\e[38;2;189;196;220;48;2;184;192;219m▄\e[38;2;169;180;209;48;2;156;167;199m▄\e[38;2;161;172;204;48;2;137;150;189m▄\e[38;2;150;163;198;48;2;122;136;180m▄\e[38;2;137;151;190;48;2;116;133;177m▄\e[38;2;138;155;192;48;2;136;151;188m▄\e[38;2;121;138;182;48;2;127;145;184m▄\e[38;2;116;134;178;48;2;121;138;180m▄\e[38;2;116;136;179;48;2;122;141;183m▄\e[38;2;85;102;152;48;2;93;109;159m▄\e[38;2;88;106;155;48;2;89;105;156m▄\e[38;2;93;108;156;48;2;77;93;148m▄\e[38;2;85;102;152;48;2;75;89;139m▄\e[38;2;71;83;136;48;2;64;76;125m▄\e[38;2;61;73;122;48;2;49;62;102m▄\e[38;2;52;65;109;48;2;45;55;94m▄\e[38;2;45;57;95;48;2;44;56;92m▄\e[38;2;39;49;84;48;2;36;46;79m▄\e[38;2;34;44;77;48;2;32;41;74m▄\e[38;2;29;38;70;48;2;28;37;69m▄\e[38;2;22;31;60;48;2;24;33;62m▄\e[38;2;18;25;52;48;2;18;27;54m▄\e[38;2;13;20;43;48;2;15;22;47m▄\e[38;2;11;17;39;48;2;13;19;42m▄\e[38;2;9;15;35;48;2;11;17;37m▄\e[38;2;9;13;34;48;2;11;16;36m▄\e[38;2;8;13;33;48;2;11;16;35m▄\e[38;2;7;11;28;48;2;6;10;24m▄\e[38;2;5;9;23;48;2;3;8;17m▄\e[38;2;4;8;20;48;2;3;6;14m▄\e[38;2;3;6;17;48;2;2;5;12m▄\e[38;2;2;5;14;48;2;2;4;10m▄\e[38;2;1;5;13;48;2;2;4;10m▄\e[38;2;2;5;13;48;2;2;4;9m▄\e[38;2;3;4;12;48;2;2;3;9m▄\e[38;2;3;4;10;48;2;3;5;11m▄\e[38;2;4;4;10;48;2;4;5;13m▄\e[m
\e[38;2;3;3;10;48;2;2;5;10m▄\e[48;2;2;5;13m \e[38;2;2;5;12;48;2;2;5;14m▄\e[38;2;2;5;12;48;2;3;5;14m▄\e[38;2;2;5;14;48;2;3;6;15m▄\e[38;2;3;6;15;48;2;3;6;16m▄\e[38;2;3;7;17;48;2;3;7;19m▄\e[38;2;3;7;18;48;2;3;7;19m▄\e[38;2;3;7;18;48;2;4;7;20m▄\e[38;2;3;7;19;48;2;4;8;21m▄\e[38;2;5;8;21;48;2;5;9;22m▄\e[48;2;6;9;24m \e[38;2;6;9;24;48;2;6;10;25m▄\e[38;2;6;10;25;48;2;7;10;27m▄\e[38;2;7;11;28;48;2;8;11;28m▄\e[38;2;9;12;29;48;2;9;12;30m▄▄\e[38;2;9;12;31;48;2;9;12;30m▄\e[38;2;10;13;33;48;2;9;14;34m▄\e[38;2;12;16;39;48;2;12;17;39m▄\e[38;2;15;22;45;48;2;19;26;53m▄\e[38;2;17;23;48;48;2;25;34;65m▄\e[38;2;20;27;54;48;2;31;40;77m▄\e[38;2;24;32;62;48;2;37;48;87m▄\e[38;2;28;36;70;48;2;41;51;96m▄\e[38;2;32;41;77;48;2;45;56;102m▄\e[38;2;40;51;93;48;2;48;61;107m▄\e[38;2;55;65;115;48;2;56;68;120m▄\e[38;2;52;65;110;48;2;59;71;119m▄\e[38;2;54;67;111;48;2;69;81;134m▄\e[38;2;56;69;113;48;2;69;81;136m▄\e[38;2;56;68;116;48;2;65;77;128m▄\e[38;2;54;66;117;48;2;63;75;129m▄\e[38;2;63;74;129;48;2;71;83;141m▄\e[38;2;69;80;135;48;2;75;86;142m▄\e[38;2;77;88;142;48;2;88;102;158m▄\e[38;2;93;104;158;48;2;101;113;167m▄\e[38;2;113;129;173;48;2;115;131;177m▄\e[38;2;140;151;188;48;2;144;157;193m▄\e[38;2;140;153;193;48;2;162;172;203m▄\e[38;2;144;154;190;48;2;177;186;213m▄\e[38;2;132;144;183;48;2;185;193;218m▄\e[38;2;121;136;180;48;2;172;181;210m▄\e[38;2;126;142;184;48;2;170;179;210m▄\e[38;2;146;156;193;48;2;173;182;211m▄\e[38;2;140;153;189;48;2;169;179;209m▄\e[38;2;148;160;195;48;2;169;179;209m▄\e[38;2;159;171;205;48;2;157;168;200m▄\e[38;2;135;149;187;48;2;139;152;190m▄\e[38;2;120;137;182;48;2;116;134;179m▄\e[38;2;114;133;179;48;2;118;136;181m▄\e[38;2;87;102;158;48;2;118;135;181m▄\e[38;2;69;84;139;48;2;89;106;156m▄\e[38;2;77;93;148;48;2;98;115;161m▄\e[38;2;86;102;153;48;2;98;113;159m▄\e[38;2;75;91;145;48;2;84;98;151m▄\e[38;2;57;67;122;48;2;66;81;133m▄\e[38;2;47;59;104;48;2;60;72;122m▄\e[38;2;40;50;91;48;2;50;62;106m▄\e[38;2;31;41;81;48;2;40;51;91m▄\e[38;2;25;33;69;48;2;35;45;81m▄\e[38;2;22;29;61;48;2;27;36;69m▄\e[38;2;18;25;55;48;2;22;31;62m▄\e[38;2;16;22;48;48;2;18;27;55m▄\e[38;2;12;18;44;48;2;15;22;49m▄\e[38;2;11;16;39;48;2;13;20;43m▄\e[38;2;9;14;35;48;2;11;17;39m▄\e[38;2;8;13;33;48;2;10;17;36m▄\e[38;2;7;10;29;48;2;8;13;33m▄\e[38;2;6;9;26;48;2;7;10;30m▄\e[38;2;5;9;25;48;2;6;10;27m▄\e[38;2;4;8;23;48;2;6;9;25m▄\e[38;2;4;7;22;48;2;4;8;23m▄\e[48;2;3;7;20m \e[38;2;2;6;19;48;2;3;7;17m▄\e[38;2;3;7;19;48;2;2;7;18m▄\e[38;2;2;6;18;48;2;3;5;17m▄\e[38;2;3;5;14;48;2;3;5;15m▄\e[38;2;3;5;11;48;2;3;5;12m▄\e[38;2;6;5;11;48;2;5;4;11m▄\e[m
\e[48;2;5;5;11m \e[38;2;1;4;11;48;2;2;4;11m▄▄\e[48;2;2;5;12m \e[38;2;2;5;12;48;2;2;5;13m▄\e[38;2;2;5;12;48;2;3;5;13m▄\e[38;2;2;5;12;48;2;3;6;15m▄▄\e[48;2;3;6;13m \e[38;2;3;6;14;48;2;3;6;16m▄\e[38;2;3;6;16;48;2;4;8;20m▄\e[38;2;4;8;21;48;2;6;9;23m▄\e[38;2;6;10;25;48;2;7;10;27m▄\e[38;2;9;13;30;48;2;8;11;29m▄\e[38;2;10;14;34;48;2;9;13;32m▄\e[38;2;11;15;36;48;2;9;14;32m▄\e[38;2;12;16;37;48;2;11;15;36m▄\e[38;2;12;17;38;48;2;11;15;35m▄\e[38;2;13;18;40;48;2;11;15;35m▄\e[38;2;13;19;43;48;2;12;17;38m▄\e[38;2;14;20;44;48;2;14;18;39m▄\e[38;2;14;20;44;48;2;14;19;42m▄\e[38;2;16;21;46;48;2;16;22;47m▄\e[38;2;18;26;54;48;2;21;28;57m▄\e[38;2;21;29;59;48;2;25;32;64m▄\e[38;2;25;32;66;48;2;26;35;70m▄\e[38;2;28;37;72;48;2;33;42;80m▄\e[38;2;35;46;86;48;2;44;55;101m▄\e[38;2;39;50;94;48;2;43;55;97m▄\e[38;2;40;51;93;48;2;45;57;101m▄\e[38;2;40;50;91;48;2;48;59;104m▄\e[38;2;47;58;105;48;2;51;63;110m▄\e[38;2;51;64;111;48;2;52;64;113m▄\e[38;2;56;68;120;48;2;63;75;129m▄\e[38;2;68;81;138;48;2;71;83;141m▄\e[38;2;75;88;143;48;2;75;86;141m▄\e[38;2;93;105;154;48;2;109;121;168m▄\e[38;2;103;115;163;48;2;117;131;171m▄\e[38;2;110;121;166;48;2;122;135;177m▄\e[38;2;100;112;155;48;2;116;127;171m▄\e[38;2;88;100;146;48;2;100;112;159m▄\e[38;2;102;114;157;48;2;114;127;168m▄\e[38;2;118;130;171;48;2;118;131;175m▄\e[38;2;104;117;161;48;2;111;126;171m▄\e[38;2;93;109;157;48;2;106;122;168m▄\e[38;2;97;112;161;48;2;105;120;167m▄\e[38;2;108;121;168;48;2;117;132;177m▄\e[38;2;117;129;176;48;2;138;151;190m▄\e[38;2;93;107;158;48;2;116;132;178m▄\e[38;2;86;102;151;48;2;103;118;168m▄\e[38;2;74;90;137;48;2;96;114;163m▄\e[38;2;51;63;107;48;2;61;73;127m▄\e[38;2;47;59;106;48;2;57;68;123m▄\e[38;2;46;56;103;48;2;56;71;124m▄\e[38;2;48;59;105;48;2;60;72;129m▄\e[38;2;45;56;102;48;2;55;66;123m▄\e[38;2;38;48;86;48;2;46;57;106m▄\e[38;2;32;41;78;48;2;35;44;84m▄\e[38;2;29;36;73;48;2;32;41;80m▄\e[38;2;24;32;65;48;2;31;41;79m▄\e[38;2;20;27;56;48;2;25;33;67m▄\e[38;2;17;23;48;48;2;19;25;54m▄\e[38;2;15;20;42;48;2;16;21;48m▄\e[38;2;13;17;39;48;2;13;18;42m▄\e[38;2;10;15;36;48;2;11;16;38m▄\e[38;2;9;14;34;48;2;10;15;35m▄\e[38;2;9;12;31;48;2;9;13;34m▄\e[38;2;9;12;31;48;2;9;12;32m▄\e[38;2;8;11;30;48;2;7;10;29m▄\e[38;2;8;13;31;48;2;6;9;26m▄\e[38;2;8;14;29;48;2;6;9;26m▄\e[38;2;10;16;30;48;2;6;10;25m▄\e[38;2;12;17;31;48;2;8;12;26m▄\e[38;2;10;14;28;48;2;6;10;23m▄\e[38;2;8;12;24;48;2;5;9;21m▄\e[38;2;5;9;21;48;2;4;8;20m▄\e[38;2;4;8;18;48;2;3;7;19m▄\e[38;2;2;6;16;48;2;2;5;16m▄\e[48;2;3;5;12m \e[38;2;5;4;10;48;2;3;4;10m▄\e[m
\e[48;2;5;5;11m \e[48;2;1;4;11m \e[48;2;2;5;12m  \e[38;2;1;4;11;48;2;2;5;12m▄\e[48;2;2;5;12m    \e[48;2;3;6;14m \e[38;2;3;7;16;48;2;4;6;16m▄\e[38;2;4;8;19;48;2;4;8;20m▄\e[38;2;5;9;22;48;2;6;10;24m▄\e[38;2;7;10;24;48;2;8;12;28m▄\e[38;2;9;12;28;48;2;10;14;32m▄\e[38;2;9;12;30;48;2;11;15;36m▄\e[38;2;11;14;33;48;2;11;16;35m▄\e[38;2;12;17;37;48;2;13;18;39m▄\e[38;2;15;20;43;48;2;15;21;44m▄\e[38;2;18;24;48;48;2;18;24;49m▄\e[38;2;15;21;45;48;2;17;23;48m▄\e[38;2;14;20;43;48;2;15;21;47m▄\e[38;2;13;19;44;48;2;15;21;47m▄\e[38;2;15;23;50;48;2;16;23;50m▄\e[38;2;18;25;55;48;2;20;27;58m▄\e[38;2;20;28;59;48;2;23;31;65m▄\e[38;2;21;30;61;48;2;26;34;68m▄\e[38;2;25;33;68;48;2;31;39;78m▄\e[38;2;28;37;72;48;2;33;44;82m▄\e[38;2;29;38;74;48;2;33;44;81m▄\e[38;2;26;35;69;48;2;32;42;77m▄\e[38;2;27;35;69;48;2;34;44;80m▄\e[38;2;33;43;79;48;2;42;53;93m▄\e[38;2;45;55;95;48;2;53;65;110m▄\e[38;2;53;64;110;48;2;62;74;125m▄\e[38;2;56;67;115;48;2;65;77;129m▄\e[38;2;55;67;112;48;2;70;82;134m▄\e[38;2;53;63;106;48;2;82;94;145m▄\e[38;2;49;59;100;48;2;89;100;146m▄\e[38;2;49;59;98;48;2;87;99;140m▄\e[38;2;61;72;105;48;2;71;83;126m▄\e[38;2;60;71;107;48;2;78;88;132m▄\e[38;2;63;73;110;48;2;96;107;148m▄\e[38;2;65;75;112;48;2;114;125;162m▄\e[38;2;61;71;110;48;2;78;89;140m▄\e[38;2;61;73;111;48;2;89;102;148m▄\e[38;2;67;80;115;48;2;92;105;149m▄\e[38;2;65;79;115;48;2;83;95;143m▄\e[38;2;59;73;110;48;2;80;93;140m▄\e[38;2;54;67;105;48;2;78;93;137m▄\e[38;2;34;44;82;48;2;55;67;109m▄\e[38;2;30;39;73;48;2;41;51;94m▄\e[38;2;29;37;70;48;2;39;49;88m▄\e[38;2;24;32;62;48;2;33;43;80m▄\e[38;2;23;30;59;48;2;33;43;79m▄\e[38;2;20;28;56;48;2;32;41;76m▄\e[38;2;19;25;53;48;2;28;36;69m▄\e[38;2;18;24;50;48;2;25;32;64m▄\e[38;2;18;24;50;48;2;23;29;61m▄\e[38;2;21;26;54;48;2;21;28;56m▄\e[38;2;18;24;47;48;2;18;24;49m▄\e[38;2;14;20;41;48;2;15;21;44m▄\e[38;2;11;15;36;48;2;13;18;39m▄\e[38;2;9;13;30;48;2;11;16;36m▄\e[38;2;8;12;27;48;2;10;15;33m▄\e[38;2;8;12;27;48;2;9;13;31m▄\e[38;2;7;11;25;48;2;8;12;29m▄\e[38;2;6;10;23;48;2;9;12;30m▄\e[38;2;5;9;20;48;2;7;11;28m▄\e[38;2;4;8;19;48;2;6;10;26m▄\e[38;2;3;7;18;48;2;6;10;26m▄\e[38;2;3;7;18;48;2;7;11;26m▄\e[38;2;4;8;22;48;2;7;12;26m▄\e[38;2;5;8;22;48;2;7;11;24m▄\e[38;2;6;10;23;48;2;7;11;23m▄\e[38;2;6;10;21;48;2;5;9;20m▄\e[48;2;3;8;18m \e[38;2;2;6;16;48;2;2;6;15m▄\e[38;2;3;4;11;48;2;2;4;11m▄\e[38;2;4;3;8;48;2;4;4;8m▄\e[m
\e[38;2;3;6;11;48;2;5;5;11m▄\e[38;2;2;5;12;48;2;1;4;11m▄\e[48;2;2;5;12m     \e[38;2;3;6;13;48;2;2;5;12m▄\e[48;2;3;6;14m \e[48;2;3;6;15m \e[38;2;3;6;15;48;2;4;6;15m▄\e[38;2;4;7;16;48;2;3;7;17m▄\e[38;2;3;7;18;48;2;4;8;19m▄\e[38;2;3;8;18;48;2;5;9;21m▄\e[38;2;5;9;22;48;2;7;11;25m▄\e[38;2;6;10;25;48;2;8;12;28m▄\e[38;2;8;11;28;48;2;9;12;29m▄\e[38;2;9;12;29;48;2;10;13;30m▄\e[38;2;9;12;30;48;2;10;13;30m▄\e[38;2;9;13;32;48;2;9;14;33m▄\e[38;2;10;14;33;48;2;12;17;37m▄\e[38;2;10;14;32;48;2;12;17;38m▄\e[38;2;10;14;33;48;2;12;16;38m▄\e[38;2;12;16;36;48;2;14;20;43m▄\e[38;2;13;19;42;48;2;18;24;52m▄\e[38;2;14;20;45;48;2;19;26;55m▄\e[38;2;18;25;51;48;2;21;28;58m▄\e[38;2;22;30;59;48;2;23;31;65m▄\e[38;2;24;31;60;48;2;25;33;66m▄\e[38;2;23;30;59;48;2;24;32;64m▄\e[38;2;20;28;56;48;2;23;30;61m▄\e[38;2;21;28;56;48;2;23;30;59m▄\e[38;2;26;35;68;48;2;29;37;71m▄\e[38;2;39;50;88;48;2;43;54;94m▄\e[38;2;47;59;100;48;2;51;63;107m▄\e[38;2;46;58;99;48;2;48;59;104m▄\e[38;2;44;55;94;48;2;44;55;98m▄\e[38;2;33;44;77;48;2;35;47;81m▄\e[38;2;29;39;71;48;2;32;42;75m▄\e[38;2;30;39;71;48;2;34;42;77m▄\e[38;2;31;40;69;48;2;34;45;77m▄\e[38;2;34;42;74;48;2;47;57;89m▄\e[38;2;40;49;81;48;2;44;55;87m▄\e[38;2;42;52;85;48;2;46;56;90m▄\e[38;2;55;67;99;48;2;54;65;99m▄\e[38;2;58;71;104;48;2;66;78;111m▄\e[38;2;55;68;100;48;2;60;73;105m▄\e[38;2;44;57;90;48;2;47;61;94m▄\e[38;2;31;41;74;48;2;47;61;98m▄\e[38;2;29;37;71;48;2;30;41;77m▄\e[38;2;26;35;66;48;2;27;37;70m▄\e[38;2;24;32;63;48;2;23;32;63m▄\e[38;2;22;29;60;48;2;21;28;58m▄\e[38;2;18;26;53;48;2;19;26;53m▄\e[38;2;17;23;48;48;2;19;25;51m▄\e[38;2;16;22;45;48;2;19;24;52m▄\e[38;2;14;20;43;48;2;17;23;49m▄\e[38;2;14;19;42;48;2;16;22;46m▄\e[38;2;14;18;41;48;2;16;22;46m▄\e[38;2;12;17;39;48;2;14;20;44m▄\e[38;2;11;16;36;48;2;15;19;41m▄\e[38;2;10;14;33;48;2;13;17;38m▄\e[38;2;9;12;30;48;2;10;14;32m▄\e[48;2;7;11;26m \e[38;2;7;11;25;48;2;6;10;24m▄\e[38;2;7;10;24;48;2;6;10;23m▄\e[38;2;6;10;22;48;2;6;10;23m▄\e[48;2;4;8;19m \e[38;2;3;7;16;48;2;4;8;17m▄\e[38;2;4;7;16;48;2;3;7;17m▄\e[38;2;3;7;18;48;2;3;7;17m▄\e[48;2;4;8;20m \e[38;2;4;8;21;48;2;5;9;23m▄\e[38;2;4;7;20;48;2;7;11;24m▄\e[38;2;4;8;19;48;2;9;13;26m▄\e[38;2;4;8;19;48;2;8;12;23m▄\e[38;2;4;9;19;48;2;8;13;23m▄\e[38;2;4;8;19;48;2;6;11;19m▄\e[38;2;4;6;14;48;2;3;6;13m▄\e[38;2;5;5;11;48;2;4;3;10m▄\e[m
\e[38;2;4;3;10;48;2;4;4;10m▄\e[38;2;3;5;17;48;2;3;5;14m▄\e[38;2;4;7;18;48;2;3;5;15m▄\e[38;2;4;9;19;48;2;2;6;15m▄\e[38;2;5;10;20;48;2;2;6;15m▄\e[38;2;5;9;21;48;2;2;6;15m▄\e[38;2;2;6;17;48;2;3;6;14m▄\e[38;2;3;6;14;48;2;3;6;13m▄\e[38;2;3;6;15;48;2;3;6;13m▄\e[48;2;3;6;15m \e[38;2;3;7;15;48;2;3;6;15m▄\e[48;2;3;6;15m \e[38;2;3;7;16;48;2;3;6;17m▄\e[38;2;3;8;18;48;2;3;7;17m▄\e[38;2;5;9;20;48;2;4;8;19m▄\e[38;2;5;9;21;48;2;6;9;23m▄\e[38;2;6;10;23;48;2;6;10;25m▄\e[38;2;6;10;23;48;2;7;10;26m▄\e[38;2;6;10;23;48;2;7;11;26m▄\e[38;2;6;10;24;48;2;8;12;27m▄\e[38;2;7;10;26;48;2;8;11;28m▄\e[38;2;8;11;27;48;2;9;12;29m▄\e[38;2;9;12;28;48;2;9;12;30m▄\e[38;2;9;12;29;48;2;11;14;33m▄\e[38;2;11;14;33;48;2;11;15;35m▄\e[38;2;11;16;36;48;2;13;18;39m▄\e[38;2;13;19;40;48;2;17;22;47m▄\e[38;2;15;22;44;48;2;19;25;53m▄\e[38;2;15;22;44;48;2;20;26;53m▄\e[38;2;16;22;47;48;2;20;26;53m▄\e[38;2;16;23;47;48;2;20;28;54m▄\e[38;2;16;22;46;48;2;18;25;51m▄\e[38;2;17;25;51;48;2;22;31;60m▄\e[38;2;21;28;57;48;2;30;40;74m▄\e[38;2;23;30;61;48;2;34;43;79m▄\e[38;2;25;32;66;48;2;35;44;80m▄\e[38;2;25;34;67;48;2;36;46;82m▄\e[38;2;25;34;67;48;2;33;42;76m▄\e[38;2;26;35;67;48;2;32;40;73m▄\e[38;2;24;32;60;48;2;29;38;68m▄\e[38;2;26;34;61;48;2;28;38;65m▄\e[38;2;27;34;63;48;2;29;38;68m▄\e[38;2;26;34;59;48;2;30;39;68m▄\e[38;2;26;34;60;48;2;33;43;73m▄\e[38;2;27;37;62;48;2;42;53;83m▄\e[38;2;20;28;54;48;2;45;56;89m▄\e[38;2;20;27;53;48;2;36;47;78m▄\e[38;2;21;28;56;48;2;26;35;67m▄\e[38;2;21;29;56;48;2;25;33;62m▄\e[38;2;21;29;57;48;2;24;33;64m▄\e[38;2;19;27;54;48;2;24;32;63m▄\e[38;2;16;22;47;48;2;21;29;57m▄\e[38;2;13;19;41;48;2;18;25;50m▄\e[38;2;12;17;39;48;2;15;22;46m▄\e[38;2;11;16;38;48;2;13;19;41m▄\e[38;2;11;17;39;48;2;12;18;39m▄\e[38;2;11;16;38;48;2;12;17;37m▄\e[38;2;10;14;35;48;2;11;15;36m▄\e[38;2;9;13;31;48;2;10;14;34m▄\e[38;2;7;11;26;48;2;9;13;33m▄\e[38;2;6;10;25;48;2;10;13;31m▄\e[38;2;6;10;24;48;2;9;12;30m▄\e[38;2;6;10;24;48;2;8;12;28m▄\e[38;2;6;10;23;48;2;7;11;26m▄\e[38;2;6;10;23;48;2;7;11;25m▄\e[38;2;6;10;22;48;2;7;11;24m▄\e[48;2;6;10;22m \e[48;2;4;8;19m \e[38;2;4;8;17;48;2;3;7;17m▄\e[48;2;3;7;16m \e[38;2;3;7;16;48;2;3;7;17m▄\e[38;2;3;7;16;48;2;3;7;18m▄\e[38;2;2;6;17;48;2;3;7;18m▄\e[38;2;2;6;17;48;2;3;5;17m▄\e[38;2;3;7;18;48;2;2;6;18m▄▄\e[38;2;2;6;17;48;2;2;6;18m▄\e[48;2;2;6;18m \e[38;2;3;6;14;48;2;3;6;15m▄\e[38;2;6;5;11;48;2;5;5;11m▄\e[m
\e[38;2;2;4;8;48;2;3;4;8m▄\e[38;2;1;4;11;48;2;2;5;14m▄\e[38;2;1;4;11;48;2;3;5;14m▄\e[38;2;2;4;13;48;2;3;5;16m▄\e[38;2;2;5;13;48;2;3;7;19m▄\e[38;2;3;6;14;48;2;4;8;19m▄\e[38;2;3;6;15;48;2;2;6;17m▄\e[38;2;3;6;16;48;2;3;7;16m▄\e[38;2;3;7;17;48;2;3;7;16m▄\e[38;2;4;7;16;48;2;3;7;16m▄\e[38;2;3;7;16;48;2;4;7;16m▄\e[38;2;4;7;16;48;2;3;7;16m▄\e[38;2;4;8;19;48;2;4;8;17m▄\e[38;2;4;8;19;48;2;5;9;20m▄\e[38;2;5;9;19;48;2;5;9;20m▄\e[38;2;5;9;21;48;2;6;10;22m▄\e[48;2;6;10;22m \e[38;2;5;9;21;48;2;6;10;22m▄\e[38;2;5;9;20;48;2;6;10;22m▄\e[38;2;4;9;20;48;2;6;10;22m▄\e[38;2;5;8;21;48;2;6;10;22m▄\e[38;2;5;9;22;48;2;6;10;24m▄\e[38;2;6;9;23;48;2;7;11;26m▄\e[38;2;6;10;24;48;2;8;12;27m▄\e[38;2;6;10;24;48;2;9;12;27m▄\e[38;2;7;11;25;48;2;9;13;30m▄\e[38;2;8;11;26;48;2;10;14;34m▄\e[38;2;9;13;29;48;2;12;17;36m▄\e[38;2;9;13;29;48;2;13;18;38m▄\e[38;2;9;14;30;48;2;12;17;37m▄\e[38;2;9;14;31;48;2;12;17;38m▄\e[38;2;10;14;33;48;2;12;17;39m▄\e[38;2;10;14;33;48;2;13;19;41m▄\e[38;2;11;15;35;48;2;15;21;45m▄\e[38;2;12;17;38;48;2;17;22;48m▄\e[38;2;13;19;40;48;2;16;24;50m▄\e[38;2;13;18;43;48;2;19;26;57m▄\e[38;2;16;21;49;48;2;21;28;61m▄\e[38;2;15;20;47;48;2;20;27;59m▄\e[38;2;16;21;48;48;2;21;28;59m▄\e[38;2;16;23;50;48;2;20;28;55m▄\e[38;2;17;23;50;48;2;20;27;54m▄\e[38;2;17;24;49;48;2;17;24;50m▄\e[38;2;17;23;48;48;2;14;20;43m▄\e[38;2;14;20;43;48;2;13;20;42m▄\e[38;2;13;17;39;48;2;13;18;40m▄\e[38;2;11;16;37;48;2;13;18;40m▄\e[38;2;12;16;37;48;2;14;20;44m▄\e[38;2;13;19;39;48;2;17;23;48m▄\e[38;2;15;21;43;48;2;16;22;46m▄\e[38;2;15;21;44;48;2;14;20;44m▄\e[38;2;14;20;42;48;2;13;19;42m▄\e[38;2;13;20;41;48;2;12;17;39m▄\e[38;2;12;18;39;48;2;11;15;36m▄\e[38;2;10;15;35;48;2;10;15;36m▄\e[38;2;10;14;34;48;2;10;16;37m▄\e[38;2;9;13;33;48;2;10;15;37m▄\e[38;2;10;15;33;48;2;9;14;34m▄\e[38;2;9;15;32;48;2;8;13;29m▄\e[38;2;9;15;30;48;2;7;11;26m▄\e[38;2;9;14;28;48;2;6;10;23m▄\e[38;2;9;13;28;48;2;6;10;23m▄\e[38;2;9;12;26;48;2;6;10;23m▄\e[38;2;7;11;24;48;2;6;10;23m▄\e[38;2;6;10;22;48;2;5;9;20m▄\e[38;2;5;10;21;48;2;6;10;21m▄\e[38;2;6;10;22;48;2;6;10;21m▄\e[38;2;5;9;22;48;2;6;10;21m▄\e[38;2;5;9;21;48;2;5;9;20m▄\e[38;2;4;8;21;48;2;4;8;19m▄\e[38;2;4;8;20;48;2;3;7;18m▄\e[38;2;3;7;20;48;2;4;7;18m▄\e[38;2;3;7;20;48;2;3;7;18m▄▄▄\e[48;2;3;7;19m \e[38;2;3;7;19;48;2;2;6;17m▄\e[38;2;3;7;20;48;2;3;6;19m▄\e[38;2;3;7;16;48;2;3;6;15m▄\e[38;2;4;4;10;48;2;5;5;11m▄\e[m
\e[48;2;4;3;8m \e[38;2;2;3;8;48;2;2;3;10m▄\e[38;2;2;3;8;48;2;2;4;10m▄▄\e[38;2;2;3;9;48;2;2;4;10m▄\e[38;2;2;4;10;48;2;2;5;11m▄\e[38;2;2;4;12;48;2;2;5;13m▄\e[38;2;3;6;13;48;2;3;6;14m▄▄\e[38;2;3;6;13;48;2;3;7;16m▄\e[38;2;3;6;14;48;2;3;7;16m▄\e[48;2;3;7;16m \e[38;2;2;7;15;48;2;4;7;17m▄\e[38;2;3;7;16;48;2;4;8;18m▄\e[38;2;3;7;16;48;2;4;7;18m▄\e[38;2;4;7;16;48;2;5;9;18m▄\e[38;2;4;7;16;48;2;4;9;20m▄\e[38;2;3;7;16;48;2;4;8;18m▄\e[38;2;2;7;16;48;2;3;8;18m▄\e[38;2;4;6;17;48;2;4;7;18m▄\e[38;2;4;7;18;48;2;4;8;19m▄\e[38;2;3;7;18;48;2;4;8;20m▄\e[38;2;3;7;18;48;2;5;9;21m▄\e[38;2;4;8;19;48;2;6;10;22m▄\e[38;2;5;9;20;48;2;6;10;22m▄\e[38;2;5;9;21;48;2;6;10;23m▄\e[38;2;4;8;20;48;2;6;10;23m▄\e[38;2;5;9;21;48;2;6;10;24m▄\e[38;2;5;9;22;48;2;7;11;25m▄\e[38;2;5;9;22;48;2;7;11;26m▄\e[38;2;6;10;23;48;2;8;11;27m▄\e[38;2;6;10;23;48;2;7;10;26m▄\e[38;2;6;10;23;48;2;8;11;27m▄\e[38;2;6;10;25;48;2;9;12;28m▄\e[38;2;7;11;26;48;2;9;13;31m▄\e[38;2;7;10;27;48;2;10;14;33m▄\e[38;2;7;11;27;48;2;10;15;37m▄\e[38;2;7;10;28;48;2;10;15;37m▄\e[38;2;8;11;28;48;2;10;14;36m▄\e[38;2;10;13;33;48;2;11;16;38m▄\e[38;2;11;15;38;48;2;14;19;43m▄\e[38;2;10;15;36;48;2;14;20;44m▄\e[38;2;10;14;35;48;2;14;19;43m▄\e[38;2;10;15;34;48;2;13;18;42m▄\e[38;2;10;13;32;48;2;11;16;37m▄\e[38;2;9;12;30;48;2;11;15;36m▄\e[38;2;9;12;31;48;2;10;15;35m▄\e[38;2;10;13;32;48;2;10;15;34m▄\e[38;2;12;15;34;48;2;11;16;36m▄\e[38;2;12;17;37;48;2;13;18;39m▄\e[38;2;13;17;38;48;2;14;19;41m▄▄\e[38;2;11;15;35;48;2;13;18;39m▄\e[38;2;10;14;31;48;2;11;15;34m▄\e[38;2;8;11;25;48;2;9;13;29m▄\e[38;2;6;10;23;48;2;8;12;28m▄\e[38;2;6;10;24;48;2;9;12;28m▄\e[38;2;9;13;28;48;2;9;14;30m▄\e[38;2;9;13;28;48;2;10;16;32m▄\e[38;2;10;13;30;48;2;10;16;32m▄\e[38;2;9;14;28;48;2;10;16;31m▄\e[38;2;9;13;27;48;2;10;14;29m▄\e[38;2;8;12;27;48;2;9;13;28m▄\e[38;2;8;12;25;48;2;8;12;26m▄\e[38;2;8;12;25;48;2;8;11;25m▄\e[38;2;9;12;27;48;2;7;11;25m▄\e[38;2;9;12;28;48;2;7;11;23m▄\e[38;2;8;12;27;48;2;6;9;22m▄\e[38;2;8;12;26;48;2;5;9;21m▄\e[38;2;5;9;23;48;2;4;8;21m▄\e[38;2;5;9;21;48;2;4;8;20m▄\e[38;2;4;8;19;48;2;3;7;20m▄▄\e[38;2;4;8;19;48;2;4;8;21m▄\e[38;2;3;7;18;48;2;4;8;20m▄\e[48;2;4;8;19m \e[38;2;3;7;18;48;2;4;8;19m▄\e[38;2;3;8;19;48;2;4;8;20m▄\e[38;2;3;6;15;48;2;3;7;16m▄\e[38;2;5;4;11;48;2;4;6;12m▄\e[m
\e[38;2;4;3;8;48;2;3;2;7m▄\e[38;2;3;4;9;48;2;2;3;8m▄▄\e[38;2;3;4;10;48;2;2;4;9m▄\e[38;2;3;4;9;48;2;2;4;9m▄\e[38;2;2;4;11;48;2;3;4;9m▄\e[38;2;2;5;12;48;2;2;5;11m▄\e[48;2;2;5;12m     \e[38;2;2;5;12;48;2;3;6;15m▄\e[38;2;3;6;13;48;2;3;6;15m▄\e[38;2;3;6;14;48;2;4;6;15m▄\e[38;2;3;6;14;48;2;3;6;15m▄▄▄▄▄\e[48;2;3;6;15m \e[38;2;3;6;15;48;2;3;7;16m▄▄\e[38;2;4;6;15;48;2;3;7;17m▄\e[38;2;2;6;16;48;2;3;8;18m▄\e[38;2;3;7;17;48;2;3;7;18m▄\e[38;2;3;7;17;48;2;4;7;18m▄\e[48;2;3;7;18m \e[38;2;3;8;18;48;2;3;7;18m▄\e[38;2;3;7;18;48;2;4;8;20m▄\e[38;2;4;8;19;48;2;4;8;20m▄\e[38;2;3;8;18;48;2;5;9;21m▄\e[38;2;4;8;19;48;2;6;10;22m▄\e[38;2;4;8;19;48;2;5;9;22m▄\e[38;2;4;8;19;48;2;5;9;21m▄\e[38;2;4;8;19;48;2;5;9;22m▄\e[38;2;4;8;19;48;2;5;9;20m▄\e[38;2;4;8;19;48;2;5;9;22m▄\e[38;2;4;8;20;48;2;6;9;24m▄\e[38;2;5;9;21;48;2;7;11;27m▄\e[38;2;5;9;23;48;2;9;12;30m▄▄\e[38;2;5;9;23;48;2;8;12;29m▄\e[38;2;5;9;23;48;2;8;11;28m▄\e[38;2;5;9;22;48;2;7;10;26m▄\e[38;2;5;9;23;48;2;7;10;26m▄\e[38;2;6;9;23;48;2;8;11;28m▄\e[38;2;7;11;25;48;2;9;12;29m▄\e[38;2;8;12;28;48;2;9;14;33m▄\e[38;2;9;13;29;48;2;11;15;35m▄\e[38;2;9;13;29;48;2;11;15;34m▄\e[38;2;9;12;27;48;2;10;15;33m▄\e[38;2;8;12;26;48;2;9;14;30m▄\e[38;2;8;13;27;48;2;9;13;29m▄\e[48;2;7;11;24m \e[38;2;6;10;22;48;2;6;10;23m▄\e[38;2;7;11;22;48;2;6;10;22m▄\e[38;2;6;10;20;48;2;6;10;22m▄\e[38;2;6;10;20;48;2;7;11;23m▄\e[38;2;6;10;21;48;2;7;11;24m▄\e[38;2;6;10;21;48;2;8;12;24m▄\e[38;2;6;10;21;48;2;8;11;25m▄\e[38;2;5;9;21;48;2;7;11;24m▄\e[38;2;5;10;20;48;2;6;10;22m▄\e[38;2;4;8;19;48;2;6;10;22m▄▄\e[38;2;4;8;19;48;2;8;12;25m▄\e[38;2;4;7;18;48;2;7;11;26m▄\e[38;2;3;6;17;48;2;5;9;22m▄\e[38;2;2;6;16;48;2;5;9;20m▄\e[38;2;3;6;16;48;2;4;8;18m▄\e[38;2;2;7;16;48;2;3;7;18m▄\e[38;2;2;6;16;48;2;3;7;18m▄▄\e[38;2;2;7;17;48;2;3;7;18m▄▄\e[38;2;2;6;16;48;2;3;7;18m▄▄\e[38;2;2;5;12;48;2;3;6;13m▄\e[38;2;4;4;9;48;2;5;4;10m▄\e[m
\e[38;2;4;3;6;48;2;4;3;8m▄\e[38;2;2;3;8;48;2;2;3;9m▄\e[38;2;2;3;9;48;2;3;4;9m▄\e[38;2;3;4;10;48;2;3;3;11m▄\e[38;2;3;4;9;48;2;3;4;10m▄\e[38;2;3;4;10;48;2;2;4;11m▄\e[38;2;2;4;10;48;2;2;4;11m▄\e[38;2;3;4;10;48;2;2;4;11m▄▄▄\e[48;2;2;4;11m \e[38;2;1;4;11;48;2;2;5;12m▄\e[48;2;2;5;12m   \e[38;2;2;5;12;48;2;3;5;12m▄▄\e[48;2;2;5;12m  \e[38;2;2;5;12;48;2;3;5;12m▄\e[38;2;2;5;12;48;2;3;6;14m▄\e[38;2;2;5;12;48;2;3;5;13m▄\e[38;2;2;5;12;48;2;3;6;14m▄\e[38;2;2;5;12;48;2;3;6;15m▄▄\e[38;2;3;5;13;48;2;3;7;16m▄\e[38;2;3;6;15;48;2;3;7;16m▄\e[38;2;4;7;16;48;2;3;7;17m▄\e[38;2;4;7;16;48;2;4;7;18m▄\e[38;2;4;7;16;48;2;3;7;18m▄\e[38;2;4;7;17;48;2;4;8;19m▄\e[38;2;4;6;18;48;2;4;7;18m▄\e[38;2;3;6;15;48;2;4;7;18m▄\e[38;2;3;7;16;48;2;4;7;18m▄\e[38;2;4;7;16;48;2;4;8;19m▄▄\e[38;2;3;7;16;48;2;4;7;18m▄\e[38;2;3;6;15;48;2;3;7;18m▄\e[38;2;4;6;16;48;2;3;7;18m▄\e[38;2;3;6;15;48;2;3;7;18m▄\e[38;2;3;6;15;48;2;4;7;19m▄\e[38;2;3;6;15;48;2;3;7;18m▄\e[38;2;3;6;15;48;2;3;6;18m▄\e[38;2;3;6;15;48;2;3;7;19m▄\e[38;2;2;7;16;48;2;3;7;19m▄\e[38;2;3;7;18;48;2;3;7;19m▄\e[38;2;4;8;20;48;2;5;9;21m▄\e[38;2;5;9;21;48;2;6;10;22m▄\e[38;2;6;10;23;48;2;6;10;24m▄\e[38;2;7;11;25;48;2;8;12;27m▄\e[48;2;8;11;26m \e[38;2;8;12;24;48;2;7;11;25m▄\e[38;2;6;10;23;48;2;7;11;26m▄\e[38;2;6;10;21;48;2;7;11;25m▄\e[38;2;6;10;22;48;2;7;11;24m▄\e[38;2;8;12;25;48;2;7;11;23m▄\e[38;2;6;10;21;48;2;6;10;22m▄\e[38;2;5;9;19;48;2;5;10;20m▄\e[38;2;4;9;18;48;2;6;10;21m▄\e[38;2;4;9;17;48;2;6;10;21m▄\e[38;2;3;7;16;48;2;5;9;20m▄\e[38;2;3;6;14;48;2;4;9;18m▄\e[38;2;3;6;13;48;2;3;8;17m▄\e[38;2;2;5;12;48;2;4;7;16m▄\e[38;2;2;5;12;48;2;3;6;15m▄▄\e[38;2;2;5;12;48;2;2;6;14m▄\e[38;2;2;5;12;48;2;3;5;13m▄\e[38;2;2;5;12;48;2;3;5;14m▄\e[48;2;2;5;13m \e[38;2;2;5;12;48;2;2;5;14m▄▄\e[48;2;2;5;14m \e[38;2;2;5;12;48;2;2;5;14m▄\e[38;2;1;4;11;48;2;2;5;14m▄\e[38;2;1;4;11;48;2;2;6;13m▄\e[38;2;1;4;11;48;2;1;5;12m▄\e[38;2;1;4;11;48;2;2;4;12m▄\e[38;2;2;4;9;48;2;2;4;10m▄\e[48;2;4;3;8m \e[m
\e[38;2;4;3;8;48;2;3;3;7m▄\e[38;2;2;3;8;48;2;2;3;7m▄\e[38;2;2;3;9;48;2;2;3;8m▄\e[48;2;2;3;8m \e[48;2;2;4;9m \e[48;2;3;4;9m   \e[38;2;3;4;9;48;2;3;4;10m▄\e[38;2;3;3;10;48;2;3;3;11m▄\e[38;2;2;4;10;48;2;2;4;11m▄\e[48;2;1;4;11m \e[48;2;2;5;12m \e[38;2;1;4;11;48;2;2;5;12m▄\e[48;2;2;5;12m  \e[38;2;2;4;12;48;2;2;5;12m▄\e[38;2;2;4;11;48;2;2;5;12m▄\e[48;2;2;4;11m \e[38;2;2;4;11;48;2;1;4;11m▄\e[48;2;1;4;11m \e[38;2;2;4;11;48;2;2;5;12m▄\e[48;2;2;5;12m    \e[38;2;2;5;13;48;2;3;6;13m▄\e[38;2;3;6;13;48;2;3;6;14m▄\e[38;2;3;5;14;48;2;4;7;16m▄\e[38;2;3;6;13;48;2;4;6;15m▄\e[38;2;2;5;12;48;2;3;6;15m▄\e[38;2;3;5;14;48;2;3;6;15m▄\e[38;2;3;6;14;48;2;3;6;15m▄▄\e[38;2;3;6;15;48;2;4;6;15m▄\e[38;2;3;6;14;48;2;3;6;15m▄▄\e[38;2;2;5;12;48;2;3;6;15m▄▄\e[48;2;2;5;12m     \e[38;2;3;5;13;48;2;3;6;13m▄\e[38;2;3;6;15;48;2;2;6;15m▄\e[38;2;3;7;17;48;2;3;7;18m▄\e[38;2;4;8;19;48;2;5;9;19m▄\e[38;2;5;9;20;48;2;5;9;21m▄\e[38;2;7;10;23;48;2;7;10;24m▄\e[38;2;8;12;25;48;2;8;12;27m▄\e[38;2;9;14;28;48;2;9;13;27m▄\e[38;2;9;13;27;48;2;7;11;24m▄\e[38;2;9;13;26;48;2;6;10;23m▄\e[38;2;9;13;26;48;2;7;11;24m▄\e[48;2;9;12;27m \e[38;2;8;12;27;48;2;8;12;24m▄\e[38;2;6;10;22;48;2;5;10;20m▄\e[38;2;5;8;19;48;2;4;9;17m▄\e[38;2;3;8;17;48;2;3;8;16m▄\e[48;2;4;7;16m \e[38;2;4;8;17;48;2;3;7;15m▄\e[38;2;4;8;17;48;2;4;6;15m▄\e[38;2;4;8;17;48;2;3;6;14m▄\e[38;2;3;7;17;48;2;2;5;13m▄\e[38;2;4;7;16;48;2;3;6;13m▄\e[38;2;3;6;15;48;2;2;5;12m▄\e[38;2;3;6;14;48;2;2;5;12m▄\e[38;2;3;6;15;48;2;2;5;12m▄\e[38;2;3;6;15;48;2;2;5;13m▄▄\e[38;2;3;5;13;48;2;2;5;12m▄\e[38;2;2;4;11;48;2;1;4;11m▄\e[38;2;2;5;12;48;2;1;4;11m▄▄▄\e[48;2;1;4;11m  \e[38;2;2;4;10;48;2;2;4;9m▄\e[38;2;4;4;9;48;2;4;3;8m▄\e[m
\e[48;2;4;3;7m \e[38;2;2;3;9;48;2;2;3;8m▄\e[38;2;3;4;9;48;2;2;3;9m▄▄\e[48;2;2;4;9m \e[38;2;2;4;9;48;2;2;3;8m▄\e[48;2;3;4;9m   \e[38;2;2;3;9;48;2;3;4;9m▄\e[38;2;2;3;9;48;2;3;4;10m▄\e[38;2;3;4;10;48;2;2;4;11m▄\e[38;2;2;4;10;48;2;1;4;11m▄\e[38;2;2;4;10;48;2;2;4;11m▄\e[38;2;3;4;9;48;2;2;4;10m▄▄\e[38;2;3;4;9;48;2;3;4;10m▄▄▄▄\e[38;2;2;4;10;48;2;1;4;11m▄\e[48;2;1;4;11m \e[38;2;1;4;11;48;2;2;5;12m▄\e[48;2;2;5;12m   \e[38;2;2;5;12;48;2;2;5;13m▄\e[38;2;1;4;11;48;2;2;5;12m▄\e[38;2;3;4;11;48;2;2;5;12m▄\e[38;2;2;4;10;48;2;2;4;11m▄\e[38;2;2;4;11;48;2;2;5;12m▄\e[38;2;1;4;11;48;2;2;5;12m▄\e[38;2;1;4;11;48;2;3;5;12m▄\e[38;2;2;5;12;48;2;3;6;13m▄\e[38;2;3;6;13;48;2;3;6;14m▄\e[48;2;3;6;13m \e[38;2;2;5;12;48;2;3;5;12m▄\e[48;2;2;5;12m       \e[48;2;3;6;13m \e[38;2;4;6;14;48;2;3;6;15m▄\e[38;2;4;7;14;48;2;3;7;16m▄\e[38;2;3;7;17;48;2;5;8;19m▄\e[38;2;4;9;18;48;2;5;10;20m▄\e[38;2;5;10;20;48;2;6;10;22m▄\e[38;2;6;10;21;48;2;8;11;24m▄\e[38;2;8;12;24;48;2;8;12;26m▄\e[38;2;9;13;26;48;2;9;13;27m▄\e[38;2;9;13;25;48;2;9;13;26m▄\e[38;2;8;12;25;48;2;9;12;27m▄\e[38;2;7;11;24;48;2;9;13;26m▄\e[38;2;7;11;24;48;2;8;12;25m▄\e[38;2;6;11;22;48;2;7;11;23m▄\e[48;2;5;9;20m \e[38;2;5;9;20;48;2;5;8;18m▄\e[38;2;5;8;19;48;2;4;8;18m▄\e[48;2;5;9;20m \e[38;2;5;9;20;48;2;5;10;20m▄▄▄\e[38;2;6;10;21;48;2;5;9;20m▄\e[38;2;6;10;21;48;2;4;9;19m▄\e[38;2;5;9;20;48;2;4;8;18m▄\e[38;2;5;9;20;48;2;4;7;17m▄▄\e[38;2;4;8;17;48;2;4;7;16m▄\e[38;2;4;7;16;48;2;3;6;15m▄\e[38;2;3;6;15;48;2;3;6;14m▄\e[38;2;3;6;13;48;2;3;5;14m▄\e[38;2;3;5;13;48;2;3;6;13m▄\e[48;2;2;5;12m   \e[38;2;3;6;13;48;2;2;5;11m▄\e[38;2;3;6;12;48;2;5;5;11m▄\e[m
";
  echo "$description"
}

vers()
{
  echo " "
  echo "LKARS lib."
  echo
  echo "Software version: pre-Alpha."
  echo
}

help()
{
  echo -e ""
  echo -e "Useage: liblkars [-h|-v|-i|-u]"
  echo -e "Options:"
  echo -e "\t-d\tDemo, Retro art"
  echo -e "\t-i\tInstall lkars-config"
  echo -e "\t-u\tUninstall lkars-config"
  echo -e "\t-h\tPrint this help."
  echo -e "\t-v\tPrint version info."
}

if [[ $# -eq 0 ]] ; then
  #installlkars
  help
  exit 1
fi


while getopts ":hlviuda" opt; do
    case $opt in
      h) help break ;;
      l) list_function break ;;
      v) vers break ;;
      i) installlkars break ;;
      u) uninstall break ;;
      d) demo_01  break ;;
      ?) help break ;;
    esac
  exit
done
